0.987518 0.859523 0.453459 0.308992 -0.0211173 -0.0144551 -0.217592 -1.4847
0.662999 0.997971 0.323626 0.489433 -0.0160421 -0.00654775 1.14069 0.414427
0.538652 0.619465 0.375111 0.314394 0.00187536 -0.0335505 -0.443286 0.384322
0.533525 0.601642 0.339335 0.446112 0.0102496 -0.0451018 1.29218 0.0240172
0.651677 0.629582 0.392804 0.492744 0.0140553 0.0395993 -0.862843 0.897742
0.726325 0.963347 0.25576 0.4625 0.000694296 -0.0334712 0.550764 -1.34357
0.726539 0.518082 0.322062 0.374012 0.00758232 0.0441527 -0.356901 1.11481
0.626255 0.756645 0.320315 0.272912 0.00222327 0.00314493 -0.18183 1.16639
0.836085 0.894604 0.256249 0.404691 -0.0252007 0.0186911 -0.892181 -1.21231
0.697256 0.917859 0.386364 0.293794 0.0432279 -0.00478072 1.03322 -0.12766
0.538469 0.912702 0.472808 0.479003 -0.0292444 0.0137043 0.724684 1.32037
0.79487 0.708426 0.319491 0.404988 -0.00396588 0.0413907 -0.289979 0.0827896
0.689764 0.832408 0.339503 0.470191 -0.0243095 0.00409711 -0.896975 1.02823
0.978759 0.777596 0.403729 0.480934 0.0394192 0.0209555 -0.531301 -1.50253
0.75634 0.58269 0.47071 0.261742 -0.0424619 0.0016892 1.08106 0.66409
0.825129 0.724708 0.497818 0.421979 0.021099 0.00637989 1.43187 -0.691894
0.627415 0.823984 0.383595 0.278665 0.0344325 -0.032284 -0.584992 1.24453
0.739372 0.661855 0.44145 0.435598 0.0202414 -0.0242119 -0.0951576 -1.11701
0.92761 0.510636 0.404454 0.268693 0.0371914 0.0253258 -0.124496 -0.699756
0.76841 0.776299 0.461547 0.317614 0.00995972 0.0254784 0.0477946 -1.27358
0.82934 0.953459 0.32487 0.33359 -0.0281579 -0.0279229 1.2196 -0.163709
0.913327 0.893017 0.328455 0.483528 0.0198111 -0.0175985 0.989208 -0.412222
0.865398 0.882199 0.308039 0.460356 -0.0179006 -0.00755181 0.296307 1.01557
0.941755 0.537141 0.262253 0.499664 -0.00170751 0.0166829 0.930819 -1.2871
0.741432 0.508026 0.294977 0.302507 0.0118793 -0.0296747 0.292856 0.83571
0.700446 0.996582 0.338969 0.364528 -0.0246483 -0.0458983 -0.888442 -0.338493
0.648427 0.586138 0.410779 0.46131 -0.0322199 0.0015183 0.132262 0.662652
0.927778 0.884335 0.39684 0.289964 0.0248833 -0.011388 0.912507 0.133508
0.575259 0.978088 0.370876 0.267014 -0.0183889 0.00623951 -0.422097 -0.659296
0.566195 0.701193 0.442549 0.482475 0.027224 -0.00518052 0.970321 -1.35527
0.621082 0.714408 0.387288 0.310175 -0.0271325 0.0416227 1.19736 -0.131782
0.574755 0.898068 0.307489 0.424421 0.0316584 0.0405057 0.849516 1.2034
0.807993 0.557085 0.324854 0.4728 0.0112445 0.0142109 -0.240507 0.365434
0.741646 0.938627 0.304025 0.405301 0.0189077 -0.000892666 -1.56111 -0.289404
0.893353 0.562044 0.357501 0.45967 -0.0208731 -0.00753044 -0.0941029 0.750188
0.996612 0.86166 0.381726 0.302988 -0.0363491 -0.0377682 -0.659584 0.62852
0.682424 0.641652 0.374493 0.329562 0.0340999 0.0192709 -0.735422 -0.0104984
0.723502 0.843745 0.283593 0.364994 -0.00298929 -0.0478515 -0.0173057 0.239644
0.840815 0.627216 0.38667 0.276528 -0.0285577 0.0244041 -0.161121 -0.366393
0.572802 0.761574 0.452368 0.4897 -0.0309565 0.0342921 -0.990646 0.747599
0.706977 0.831507 0.432707 0.411115 -0.0133717 0.0370693 0.545395 1.06706
0.774087 0.75457 0.436728 0.257614 0.0112629 0.029751 -0.757378 1.2452
0.604724 0.611209 0.485359 0.291604 0.0378323 -0.00161901 -0.822095 -0.381925
0.948515 0.787362 0.297555 0.462645 -0.000877407 0.0277917 0.222099 1.24855
0.655705 0.929518 0.3577 0.455306 0.00840938 -0.0261284 0.654215 0.65968
0.921369 0.712256 0.264206 0.393292 0.0145222 -0.00166173 0.167928 1.08969
0.591937 0.91847 0.359416 0.449767 -0.030575 -0.0340114 0.129482 1.15229
0.534486 0.831767 0.390736 0.363964 0.00830561 0.00448164 1.08643 -0.831778
0.568285 0.941649 0.453009 0.364048 0.0421384 0.0265893 0.668596 -0.538587
0.958907 0.961058 0.462157 0.4962 -0.0372341 0.0149739 1.30819 -1.37358
0.97496 0.656499 0.410054 0.359958 -0.0395077 -0.0305567 -0.499278 -1.10762
0.507141 0.99057 0.400678 0.499886 -0.0458617 0.0167287 0.593621 1.45958
0.750008 0.576998 0.467467 0.45333 0.0336421 -0.0172597 -0.591703 -1.34251
0.945921 0.948363 0.421979 0.454573 0.0151082 0.0273339 -1.0451 -0.517015
0.691855 0.63599 0.483749 0.295198 0.00842158 0.0415799 1.26543 0.552394
0.808481 0.562731 0.441443 0.34067 -0.00270547 0.00752739 -1.38115 -0.141754
0.771783 0.747826 0.345225 0.453177 0.031869 0.0204733 -0.281925 -0.0763657
0.707236 0.824671 0.480415 0.320734 0.0337764 -0.026278 -0.291801 0.352778
0.946409 0.870754 0.372318 0.442564 0.0137196 0.00585498 0.85594 -1.37156
0.646138 0.550325 0.322428 0.270669 0.00156102 0.0104938 -0.937722 -0.8429
0.970199 0.569475 0.475761 0.257698 -0.0111042 0.00856502 -0.957089 -0.856611
0.833308 0.943632 0.4195 0.311045 -0.0158773 -0.0169271 -1.5149 1.56169
0.707953 0.57767 0.312876 0.40318 -0.0199759 -0.0236412 0.871855 -1.32545
0.993408 0.658589 0.298326 0.338282 0.0338618 0.0498718 0.424494 1.4986
0.947371 0.860439 0.443838 0.425077 -0.0400754 0.00641346 -1.14664 -1.02555
0.680212 0.861995 0.466597 0.30594 0.0346339 -0.0250572 0.511263 0.784991
0.711478 0.676809 0.487877 0.442244 0.0141072 -0.0421934 -1.48729 0.452203
0.589129 0.795801 0.319163 0.255959 -0.0357631 0.0405271 -1.05229 0.0906515
0.571139 0.642308 0.279557 0.427526 0.00327921 -0.0359554 1.5033 -0.576267
0.869655 0.839671 0.294366 0.349918 -0.0430876 -0.0404904 -0.670801 -0.669555
0.957595 0.791345 0.27504 0.489029 0.0258446 0.0455351 1.28681 1.07195
0.937864 0.573428 0.280251 0.400243 -0.0341456 -0.0120441 1.18307 1.19908
0.974929 0.639805 0.458319 0.401341 -0.0195944 0.0221091 0.805221 0.989016
0.788965 0.839656 0.270806 0.401524 0.0256981 0.0375851 -1.20992 -1.0033
0.712546 0.747551 0.497452 0.386837 0.0282586 0.0255028 -1.26409 1.27722
0.809732 0.80607 0.272233 0.311708 0.0150166 -0.0117237 -1.14319 -0.986332
0.557741 0.780816 0.40083 0.39687 -0.044116 0.0118763 0.880292 1.5172
0.591082 0.528077 0.459197 0.333392 0.0188375 0.000587481 0.487102 -1.0685
0.508164 0.574847 0.423452 0.393063 0.0374813 -0.0257042 0.135522 -0.839736
0.740516 0.511368 0.33105 0.445021 -0.00886715 0.0282311 0.287199 0.782114
0.984313 0.69631 0.473136 0.378536 -0.00258339 -0.0447539 0.449902 -0.653735
0.694617 0.774239 0.368137 0.432196 0.0173177 0.0305841 0.613371 -1.22622
0.641987 0.505799 0.266747 0.429167 -0.0272271 -0.0408719 -0.06371 -0.412126
0.531587 0.910215 0.437979 0.418882 -0.0232475 -0.0148122 -1.03226 -1.46581
0.684896 0.720374 0.486557 0.47483 -0.0241783 -0.0352504 -0.880963 -0.411647
0.783746 0.650487 0.451567 0.398679 0.00524155 0.000251778 -0.612413 -1.34702
0.677084 0.976058 0.436338 0.330645 -0.0434721 0.0378384 -0.24415 -1.50742
0.749992 0.926511 0.269578 0.26606 -0.0424589 0.0271416 -1.29966 0.499278
0.855434 0.890271 0.44776 0.478263 -0.0349452 0.0435331 0.51807 1.56313
0.808329 0.932371 0.358692 0.347652 -0.0301569 -0.0271081 1.05373 -0.810302
0.942198 0.624424 0.286515 0.347072 0.0142598 -0.0411161 -1.04616 -1.41883
0.728339 0.687353 0.44776 0.433416 0.0222953 0.0127064 1.02919 -0.31088
0.957472 0.946348 0.308695 0.345462 0.0421903 -0.0146352 -0.26438 -1.20225
0.983779 0.598468 0.43408 0.307978 0.00148167 0.00244301 1.31404 1.49534
0.531678 0.79281 0.366924 0.392087 -0.0254021 -0.0386441 0.914904 -0.0904596
0.564913 0.522919 0.289689 0.281831 -0.0370663 -0.0088702 -1.04338 -0.968595
0.718162 0.832057 0.466666 0.447096 -0.0125752 -0.0253471 -0.97243 1.01864
0.791192 0.830607 0.467574 0.47261 -0.00636769 0.033459 -0.103595 0.888729
0.805551 0.526261 0.422475 0.293382 -0.0306879 -0.0250328 0.4825 -0.116922
0.623615 0.966582 0.307901 0.336283 -0.0254997 0.00227821 -1.06428 -1.19707
0.630329 0.694037 0.264237 0.317873 -0.0159108 -0.0135823 1.5334 -0.406853
0.977294 0.513627 0.444334 0.448515 0.0429075 0.0011124 0.553736 -0.536766
0.889386 0.572954 0.393422 0.292726 0.0332881 0.0200491 -0.332932 -0.46064
0.533937 0.754753 0.460219 0.285791 -0.0448393 -0.0233573 -1.12219 -0.22833
0.952391 0.882015 0.489326 0.406606 0.01863 -0.0136891 -1.29084 -1.05383
0.554369 0.735588 0.294855 0.25676 0.0490326 0.0312189 -1.50253 -0.197266
0.674429 0.884182 0.415326 0.29593 0.00453658 0.00756706 1.36236 0.407141
0.691031 0.827021 0.39977 0.483451 0.00621509 0.0353481 0.719603 0.0544101
0.70838 0.948851 0.375141 0.326136 -0.0193808 0.0306024 -1.39668 0.851817
0.800424 0.787591 0.394932 0.332476 0.0148671 0.0402036 -0.752009 -1.3011
0.817545 0.614353 0.319063 0.372898 0.0241966 0.039111 -0.0789544 1.36428
0.755669 0.826075 0.475021 0.446394 0.0320765 -0.00987121 0.997933 1.40081
0.687994 0.650502 0.350215 0.353389 -0.0372341 -0.0338069 0.722479 1.2917
0.759011 0.6639 0.315661 0.274834 0.0463927 0.0351253 -0.216058 -0.282405
0.741218 0.621021 0.38081 0.257553 0.0365322 0.00688345 0.00417071 -1.36226
0.654241 0.597736 0.479713 0.355846 0.0402951 0.0433592 0.275214 -0.23207
0.946516 0.946104 0.288385 0.429334 -0.039114 0.0306116 -0.826122 -0.120086
0.739326 0.561907 0.323466 0.347079 -0.0472869 0.0136616 1.10934 0.632163
0.633549 0.964858 0.322069 0.347926 -0.0110736 -0.00627003 0.873006 1.51241
0.578753 0.690985 0.402936 0.307085 0.0415311 -0.0119739 -0.00282829 1.02871
0.804865 0.997879 0.258805 0.409024 -0.0260613 -0.047998 1.5148 -0.136576
0.816202 0.882153 0.380078 0.476531 0.0460662 -0.0358821 -1.17157 -0.293239
0.948302 0.90965 0.309641 0.456084 0.0319025 -0.0268914 -0.468981 0.913561
0.986877 0.857875 0.429067 0.30945 0.0495849 0.00775628 -0.648462 -1.01951
0.84959 0.671148 0.275941 0.311548 0.0039903 0.0491455 0.477706 -1.30368
0.830103 0.728233 0.392537 0.254532 0.0418027 -0.0345729 -1.14587 -1.16159
0.904798 0.922315 0.455664 0.308145 0.0190847 0.0091113 0.148369 0.824396
0.60184 0.553591 0.437819 0.286332 -0.018627 -0.0232139 1.55133 0.477898
0.932875 0.53444 0.29957 0.320086 -0.0437529 0.0314325 -0.896016 0.607235
0.887112 0.906949 0.463202 0.436544 -0.0415952 -0.0128529 -1.44213 0.414619
0.988067 0.672887 0.317553 0.294336 0.00724357 -0.0435575 1.49553 -0.564474
0.912564 0.936491 0.254189 0.325213 -0.043057 -0.0400113 1.26821 0.29995
0.672491 0.859371 0.484794 0.281861 0.0390347 -0.0011063 1.31835 0.890551
0.858913 0.928159 0.389744 0.442045 0.0174825 -0.0105457 -0.663611 1.03072
0.948668 0.534562 0.398061 0.468902 -0.0437346 -0.0395566 0.0848989 -1.42995
0.673528 0.868007 0.398518 0.427602 -0.000538652 0.0128559 0.340506 -0.000143744
0.951903 0.620624 0.43199 0.458174 -0.0362056 0.0421781 -0.637532 -1.52688
0.882855 0.504868 0.415136 0.354587 0.0437651 0.023159 0.328426 0.914424
0.802866 0.583621 0.395253 0.300157 0.0291681 -0.0429258 -0.404168 0.542231
0.90492 0.912732 0.336421 0.259087 0.0352199 -0.0184988 1.49045 -1.51998
0.920118 0.996094 0.436888 0.274354 0.045117 0.0425565 -1.07166 -0.943667
0.861888 0.55324 0.477676 0.421812 -0.0348964 0.0296838 1.55603 0.784607
0.83253 0.599475 0.452498 0.420507 -0.00792413 -0.0270745 1.44961 -1.26821
0.892483 0.838328 0.478874 0.399335 -0.00636158 0.0026719 -1.10129 1.41701
0.991836 0.866726 0.490524 0.319842 0.000685141 -0.0280725 0.308196 -0.59295
0.964568 0.692541 0.460974 0.305376 0.0124897 0.0410947 0.783457 -1.29103
0.585116 0.564669 0.408475 0.376385 0.0142659 0.0252068 -1.47396 -0.423631
0.687597 0.61565 0.432119 0.342036 0.00726493 0.00373699 0.196404 -0.729957
0.847346 0.81666 0.279214 0.348109 -0.0486663 -0.00717643 1.53628 -0.0750235
0.625126 0.74514 0.443937 0.331042 0.0200217 -0.0199393 -0.199759 -0.470131
0.873775 0.664892 0.297182 0.3783 -0.0318842 0.0217551 0.296978 0.579335
0.607303 0.918653 0.497742 0.494995 0.0117634 0.00268715 1.3312 -1.30244
0.932569 0.633106 0.434645 0.276696 0.0210166 -0.0416135 1.53014 1.50061
0.543382 0.736549 0.450812 0.488617 0.0249351 -0.0401028 1.27924 -0.844914
0.777215 0.788919 0.347934 0.300829 0.0291467 -0.0389706 1.40944 -0.265051
0.73423 0.624393 0.42262 0.430021 0.0459319 0.00814081 -0.865239 0.565529
0.959059 0.806436 0.283746 0.437216 0.0368038 0.0123951 0.0912268 -0.768116
0.684805 0.895428 0.451125 0.431951 -0.0324183 -0.0154683 -0.647791 0.266969
0.63979 0.528672 0.485351 0.432615 -0.0240135 0.0321223 0.535807 -1.33005
0.916654 0.813074 0.398961 0.38303 -0.0483184 0.0193442 0.747024 -0.0525883
0.903974 0.530122 0.348827 0.32532 0.0288934 -0.0107532 1.04616 1.27463
0.78045 0.653508 0.359745 0.479003 -0.00854671 0.0485199 -1.54079 -0.244821
0.57149 0.679205 0.329356 0.476348 -0.00959655 0.0147389 0.373488 -0.497744
0.768456 0.768029 0.31428 0.253983 -0.0259331 0.026162 -1.51653 -1.30905
0.510117 0.700781 0.347461 0.350742 0.0306116 0.0139668 -0.319797 0.566775
0.827036 0.645695 0.286836 0.361744 0.0431455 0.0370388 0.782594 1.28393
0.947966 0.73867 0.445219 0.298784 -0.0427122 -0.0207785 1.36217 -1.44309
0.669149 0.975723 0.251389 0.356914 -0.0387509 0.00908689 1.25134 -0.865335
0.785943 0.918134 0.442549 0.337275 -0.0215903 0.00220496 -1.55469 -0.0375357
0.586871 0.709998 0.287873 0.476249 -0.0276086 0.0258995 -0.0370563 -0.417112
0.910382 0.908368 0.343471 0.430761 -0.0353542 -0.0134693 -1.45862 -1.06648
0.763878 0.62569 0.488441 0.419897 -0.0354732 0.0392422 -0.0085809 0.966485
0.505448 0.985031 0.492317 0.272774 0.0118671 -0.0397702 0.677417 -0.335041
0.587939 0.88757 0.363666 0.382626 0.0320551 -0.0184683 -0.0503832 -0.702057
0.865658 0.592715 0.480003 0.317141 0.00362407 -0.0117481 0.401388 1.08077
0.963424 0.61066 0.498878 0.335086 0.0383206 -0.0216391 -0.90522 1.22344
0.708335 0.907468 0.300279 0.30916 -0.0263237 -0.0150502 1.17061 0.368406
0.623798 0.922666 0.460311 0.305063 -0.0218925 -0.0390133 -0.70781 -0.717589
0.986236 0.899274 0.255989 0.316889 -0.0315241 0.0266015 0.607235 -0.345204
0.944166 0.526444 0.451453 0.408712 0.0401669 -0.0211753 0.694675 0.575117
0.699896 0.894543 0.365291 0.262398 0.00966979 -0.0361171 -1.25536 0.116059
0.75367 0.762642 0.469222 0.381802 -0.0303369 0.0119526 0.565433 -1.1195
0.710257 0.638676 0.26793 0.453017 -0.043408 0.0344111 -0.00867677 -0.772047
0.648106 0.672018 0.460257 0.361026 0.0307367 -0.0163839 1.5243 0.182022
0.551057 0.858501 0.381497 0.362552 -0.0312098 -0.0248161 -0.614042 0.583937
0.802377 0.558046 0.477134 0.415159 -0.031048 -0.0272729 0.944626 1.06888
0.741447 0.824763 0.307642 0.412587 -0.0315119 0.0351436 0.269366 -1.42027
0.782922 0.549425 0.334658 0.326373 -0.0261711 0.0263604 -0.799468 -1.44625
0.598361 0.914686 0.488365 0.2537 0.00312052 -0.0123768 0.539642 0.797167
0.860363 0.662511 0.266083 0.371487 0.0413297 -0.027752 -1.51154 -0.109731
0.54915 0.674413 0.362232 0.296739 0.00780206 0.0428861 0.899084 0.122483
0.821863 0.863887 0.329379 0.353168 0.0363582 0.0312952 -1.49275 0.974347
0.943999 0.881573 0.270661 0.494034 -0.0321467 -0.0394009 0.534273 0.271763
0.783715 0.632786 0.313448 0.38123 -0.0447295 0.0300653 1.56409 -0.696688
0.868389 0.607685 0.364147 0.37067 -0.0187094 -0.0376492 -0.919985 0.47598
0.5038 0.523713 0.394421 0.403859 -0.0116291 0.0132923 -1.17147 0.651914
0.955733 0.78077 0.258499 0.305757 0.0213218 0.0441435 -1.41768 -0.985373
0.694128 0.728782 0.291871 0.488884 -0.0176077 -0.0436369 0.572432 0.615481
0.699744 0.747765 0.44113 0.313639 -0.00115207 -0.0111225 -0.82104 -0.107526
0.833277 0.640355 0.4251 0.354976 0.00303507 -0.022161 0.432164 0.710495
0.767006 0.837031 0.427267 0.325175 0.0249718 -0.0211081 1.06294 0.665241
0.978957 0.913495 0.319346 0.402989 -0.00257729 -0.048056 -0.635327 -0.657666
0.809458 0.920911 0.416234 0.468978 -0.0265191 0.00842769 0.162655 -0.884607
0.580416 0.528413 0.262062 0.497116 -0.0433592 0.0210623 1.32756 -1.51835
0.776879 0.978195 0.447676 0.352649 0.0433775 -0.00386517 -0.46946 -0.0711884
0.791116 0.853069 0.459166 0.496193 -0.0217856 0.00824458 -0.466105 0.915
0.729392 0.656575 0.307833 0.344058 0.021334 -0.00241554 -1.26016 -0.621329
0.781014 0.705557 0.441267 0.284913 0.0286157 0.0297021 0.408003 1.21279
0.649998 0.835231 0.435766 0.35258 0.0442412 0.0177602 -1.01001 1.42669
0.549211 0.916746 0.469939 0.305147 0.00575426 0.00731376 0.415194 -1.31126
0.757027 0.687277 0.329608 0.36034 -0.0383358 0.0235618 -1.21366 -0.734272
0.736427 0.892636 0.44396 0.3371 0.00149693 -0.0188803 0.592087 0.934079
0.816675 0.742271 0.452864 0.453459 -0.00161596 -0.043704 -0.953925 0.845968
0.937452 0.676931 0.305567 0.280618 -0.0358547 0.0218345 -0.914712 -0.923341
0.955489 0.948714 0.390568 0.35332 0.016863 0.0441954 -1.22209 0.992468
0.513688 0.513565 0.446722 0.436438 -0.0390469 0.0433226 -0.601674 -0.40877
0.972839 0.736534 0.255631 0.447821 -0.0202383 0.0148946 0.187487 0.647983
0.905652 0.909162 0.365307 0.287408 0.0406217 0.0151143 -0.211744 -0.442423
0.653493 0.579638 0.345019 0.322588 0.0124378 0.00794855 1.21586 0.982305
0.945448 0.695471 0.321436 0.279771 -0.00421613 -0.0250877 1.5126 -0.378857
0.58002 0.558367 0.29603 0.292268 -0.0345546 -0.0126759 0.644723 0.643285
0.669271 0.592013 0.49369 0.354389 0.0255333 0.0410825 1.36802 1.2429
0.945418 0.922025 0.492576 0.431768 -0.0229667 -0.0460936 0.059971 -0.708865
0.629948 0.768502 0.385311 0.478004 -0.00209815 0.0251427 -0.0627512 0.809727
0.865429 0.65128 0.471351 0.357471 0.035641 -0.0420103 -0.468022 1.13322
0.709387 0.907315 0.48056 0.424482 0.0123676 0.044293 0.410784 -0.548463
0.691214 0.520844 0.328166 0.258553 0.042407 0.0117847 -0.421234 -0.39228
0.93112 0.76603 0.400853 0.306085 -0.0376461 0.0338801 1.12535 0.292376
0.821802 0.661855 0.374165 0.428167 -0.0263359 0.00191504 -0.0115531 -0.231494
0.772713 0.739906 0.311098 0.354686 -0.00226905 -0.0400723 0.669459 -0.581732
0.516526 0.624332 0.292047 0.29471 0.0434477 0.00191809 -1.35929 -0.172051
0.978439 0.924467 0.325892 0.453055 -0.0126911 0.0316187 -0.153451 -1.16332
0.707617 0.939833 0.292375 0.453131 -0.0340266 -0.0152547 -0.246163 0.97406
0.871563 0.677831 0.415792 0.416066 -0.0186483 0.0137959 0.497169 0.585663
0.812601 0.683767 0.269776 0.446074 0.0181692 0.0352687 0.139932 1.48058
0.667043 0.683401 0.313555 0.271996 -0.0259392 0.0394711 1.17914 0.843092
0.546892 0.538057 0.45922 0.295221 0.00214393 -0.0372402 0.593141 0.240603
0.783898 0.512207 0.420423 0.293733 -0.0339106 0.0223228 -0.869075 -0.254888
0.736259 0.853557 0.342235 0.282502 0.0077105 0.0134205 1.57041 0.301772
0.657735 0.685537 0.462302 0.280061 0.0270318 -0.0308161 -1.48144 -1.36389
0.629307 0.712531 0.303201 0.481368 -0.0251305 -0.0171438 -1.12861 -0.166873
0.553301 0.737312 0.3961 0.336879 -0.0420774 -0.00743583 -0.167257 0.462557
0.710013 0.991241 0.285585 0.287973 -0.0436705 0.0285913 1.31011 -1.19812
0.876904 0.776696 0.315889 0.408467 -0.0462432 0.0231285 -1.28969 0.739545
0.510163 0.922346 0.44818 0.452528 -0.0200186 -0.0174429 1.26227 -0.634177
0.988983 0.550523 0.359241 0.308741 -0.0340388 0.0222068 0.464954 0.511263
0.921964 0.657476 0.321345 0.360477 0.0114185 -0.0363887 -1.37971 -0.0175933
0.516526 0.505829 0.363392 0.25248 -0.0350887 -0.00570544 0.0585328 0.459681
0.510392 0.829722 0.463294 0.313761 0.0164266 -0.00998413 -0.385089 -1.05632
0.665731 0.852351 0.271577 0.386624 0.00243385 -0.000450148 -0.226509 1.29736
0.825846 0.616092 0.366306 0.312082 0.0234886 -0.00805231 -0.0708049 1.05201
0.534288 0.625019 0.289201 0.321451 -0.0257073 -0.0337001 -1.39074 1.01864
0.716529 0.800043 0.36301 0.334162 -0.0137196 0.0240043 -0.771472 -0.837243
0.924055 0.746452 0.290155 0.411901 -0.0173025 0.00352947 0.529575 -1.56591
0.641026 0.833995 0.282601 0.368946 0.0461791 -0.0223136 -0.0177851 -0.2895
0.653447 0.58945 0.473022 0.288774 -0.0011887 0.01339 0.717206 -0.153738
0.980758 0.901776 0.357112 0.446905 -0.00525376 -0.00608081 0.00263668 1.10992
0.870006 0.539552 0.267327 0.390004 0.0252373 0.00369732 0.10465 0.592662
0.852489 0.981216 0.377667 0.421247 0.0362484 -0.0244621 0.691415 0.431877
0.86288 0.557466 0.489845 0.491913 -0.0414823 0.000428785 1.05393 1.14664
0.92085 0.906537 0.350696 0.499214 -0.0498566 -0.000209052 -0.42133 0.0795298
0.875286 0.741585 0.250763 0.490432 -0.0483489 -0.0397671 -0.104554 1.2266
0.710837 0.930921 0.404233 0.273255 -0.0464141 0.0308405 -1.43082 -1.24414
0.917096 0.890515 0.360012 0.432386 -0.0234214 -0.0170858 1.45805 0.189309
0.920255 0.789026 0.444151 0.252365 -0.0360744 0.0322626 -0.376652 1.28182
0.577227 0.565523 0.483451 0.296731 -0.0133198 0.0239463 -0.95939 0.563707
0.732307 0.759423 0.310373 0.393292 -0.0387936 -0.0204489 0.436575 0.138398
0.836253 0.653142 0.299158 0.275788 -0.0207144 0.0069628 1.50982 -0.981346
0.62801 0.727134 0.433195 0.381748 -0.0493316 -0.0273858 -0.454695 0.993139
0.878796 0.927534 0.403676 0.306528 -0.0418271 0.0362667 0.704167 -0.677321
0.698767 0.746132 0.489463 0.413739 0.0252495 0.0482665 1.43149 1.1009
0.906125 0.613071 0.468238 0.351779 -0.00393841 0.00931578 -1.4683 0.169558
0.9588 0.60184 0.308863 0.476753 0.0280755 -0.00725883 -0.363229 -0.877991
0.948561 0.946867 0.395039 0.431509 -0.00288247 0.0292474 -0.491608 -1.287
0.657689 0.873608 0.280168 0.381039 0.0149739 -0.0458129 0.71711 -1.34405
0.678076 0.741142 0.473502 0.404065 -0.0405515 0.0173452 0.154793 0.384418
0.592898 0.997238 0.257485 0.290857 0.0169637 -0.0448302 1.07358 -0.790168
0.720725 0.945906 0.28647 0.497414 0.0376156 0.0255699 0.38461 0.435232
0.922208 0.827494 0.466506 0.255715 0.0027665 0.00516221 1.48192 -0.268023
0.969161 0.71128 0.366527 0.340411 0.00511643 0.0490417 -0.814904 0.0383987
0.976257 0.700552 0.410733 0.491623 0.04129 0.0130512 -0.368215 -0.994577
0.895123 0.950163 0.352191 0.494049 0.0168996 0.0385434 -0.277707 0.397361
0.571017 0.996597 0.277764 0.412336 -0.0358608 -0.000358592 1.51471 -0.818452
0.86198 0.900586 0.394208 0.482673 -0.0281426 0.0130238 -1.26236 -0.00254066
0.820383 0.70217 0.345546 0.410634 0.0281243 0.010155 1.39611 -0.109923
0.937208 0.688284 0.311754 0.325282 -0.0246727 -0.0279077 1.07828 1.28163
0.948531 0.972823 0.388585 0.389531 -0.0222648 0.0267235 -0.512413 -1.36859
0.704825 0.889233 0.498741 0.316736 0.00159154 0.00853145 -0.331014 -1.52324
0.602496 0.695532 0.334223 0.293558 0.00767083 -0.0191153 0.768212 0.59458
0.578036 0.592029 0.330004 0.309046 -0.0436216 0.0207785 -0.532451 -0.0221954
0.664693 0.551225 0.418889 0.390004 0.0253166 -0.0338923 1.23993 0.199472
0.611591 0.960555 0.317629 0.492584 0.0393643 0.0254387 0.577993 0.465625
0.565371 0.577273 0.344348 0.300142 0.0132557 -0.0497375 -0.683553 0.340219
0.814356 0.796289 0.267121 0.427343 0.00666066 -0.030221 0.214141 0.149807
0.595126 0.729987 0.433935 0.280511 -0.00823542 -0.011858 0.927943 0.210785
0.961791 0.600986 0.433721 0.324221 0.0333399 0.0442351 0.946831 -1.12219
0.717429 0.947127 0.288812 0.254158 -0.0186758 0.0339412 -0.506852 -1.16054
0.90846 0.639073 0.428587 0.326228 -0.0240928 -0.00509812 0.100335 -0.330727
0.881085 0.710395 0.444266 0.341876 -0.0349025 -0.0462188 -0.125455 -1.37674
0.90054 0.500137 0.375126 0.289743 0.034817 0.0360408 1.14127 -0.315674
0.832728 0.607929 0.275849 0.393475 -0.0485473 0.0381924 1.49218 -0.562748
0.888318 0.661504 0.31518 0.315806 0.0169698 -0.0374264 -0.0662028 0.0403162
0.929395 0.896847 0.405759 0.26899 0.0364559 0.0146168 0.286624 -0.972717
0.838633 0.550691 0.365307 0.281312 -0.00178686 -0.037405 -0.730724 -0.077708
0.950941 0.565676 0.358982 0.369999 -0.0336512 -0.0400876 0.108005 -0.313948
0.547487 0.607883 0.37302 0.370281 -0.0141652 0.0298578 1.4057 0.116251
0.912564 0.896908 0.469611 0.420797 9.30815e-005 0.0128559 -1.029 -0.779334
0.952467 0.848476 0.323031 0.355129 -0.0189291 -0.0237297 0.60551 0.261216
0.877346 0.529466 0.287042 0.49971 -0.0281732 -0.0133686 0.443382 0.770801
0.945219 0.925565 0.493522 0.377888 0.0416074 0.0444243 0.807714 -0.75872
0.768685 0.521241 0.482299 0.320299 -0.0466002 -0.0186605 -0.0985133 0.634081
0.684027 0.692434 0.362362 0.481475 0.0440641 0.0200613 -1.25843 -1.27991
0.682867 0.911557 0.254189 0.26265 0.0168477 -0.003502 -0.940023 1.22583
0.906308 0.765069 0.263405 0.390927 0.0465148 0.0445891 -1.54347 0.392184
0.701514 0.783639 0.485649 0.404584 -0.00310526 0.0435331 -1.4893 -1.09467
0.740989 0.584643 0.292695 0.294679 -0.0490234 0.0275781 0.719411 0.0918979
0.704093 0.82725 0.399892 0.302927 -0.0465239 -0.0417173 -0.313852 0.07627
0.521195 0.980041 0.464736 0.375774 -0.0340846 -0.0407285 -1.30579 0.75316
0.68041 0.901028 0.466765 0.274766 0.0342128 0.0135121 0.539642 -0.411551
0.596606 0.730308 0.368725 0.34315 -0.0312616 0.0230735 -1.24386 0.235425
0.543138 0.595065 0.308916 0.428709 0.0369198 0.0313898 0.650572 -0.020182
0.646001 0.627232 0.324847 0.462867 -0.0317042 0.0080401 0.463037 1.14117
0.940352 0.793451 0.358097 0.446074 -0.0278893 -0.0040025 0.0462606 -0.696784
0.989776 0.537751 0.290468 0.339358 -0.0326136 0.0214072 -1.48077 -1.35776
0.567858 0.736625 0.261368 0.362217 0.0254997 -0.0341609 1.16553 0.943379
0.902402 0.966536 0.266419 0.446692 0.0252586 0.00106662 0.447313 -0.277707
0.981933 0.584048 0.287385 0.347736 0.0204855 -0.0136769 1.39716 1.44357
0.924986 0.618427 0.453253 0.409818 0.0200949 0.0280786 0.276461 -1.56361
0.911649 0.976638 0.482643 0.489746 -0.019335 0.00228126 1.32689 0.323057
0.677725 0.960967 0.407445 0.285806 0.0115314 0.0391598 -0.643668 1.43686
0.571413 0.599155 0.327692 0.323092 -0.00765862 -0.0295465 0.417495 0.469556
0.672399 0.786905 0.447707 0.345119 0.00315104 0.0392026 -1.10445 0.091035
0.97354 0.742943 0.393445 0.361652 -0.0330012 -0.0280053 -1.02756 -0.892564
0.624928 0.776666 0.31119 0.352832 0.00497909 0.0137501 -1.21672 -0.850762
0.740638 0.868175 0.497391 0.379528 0.00382244 0.0249748 0.0993763 0.756803
0.7678 0.560869 0.309778 0.349918 -0.00402081 0.041522 -0.446833 1.4288
0.918226 0.66654 0.359821 0.442351 -0.0478088 -0.00312662 -0.893044 -1.22382
0.662603 0.782876 0.486282 0.434454 -0.0134266 0.00689261 1.20493 -1.21826
0.787118 0.623646 0.260147 0.43849 -0.0258141 0.0170949 1.17684 0.888729
0.512543 0.661184 0.270737 0.292917 -0.0188772 0.0124073 -1.11548 0.762843
0.676 0.581545 0.443098 0.360317 0.00707877 -0.0105548 1.33542 1.29975
0.974944 0.552004 0.386631 0.481414 0.0404324 -0.00873287 0.556325 0.463804
0.773934 0.801248 0.274979 0.335475 0.0258263 0.00465255 -1.01586 -0.0604502
0.973693 0.511765 0.257157 0.456915 0.0442503 0.0198508 0.691511 0.0391657
0.942793 0.525178 0.399937 0.408101 0.00559862 -0.0471435 -0.13696 -0.285569
0.511765 0.859584 0.411466 0.358516 -0.0462249 0.0301843 1.08154 -1.46735
0.529817 0.53975 0.396191 0.32007 -0.0157491 0.0361141 -0.835805 0.616056
0.98384 0.739723 0.390927 0.28872 -0.0258477 0.0224693 0.234946 -1.44712
0.680136 0.7378 0.432295 0.292299 0.0248375 -0.0191153 -0.796208 0.114141
0.988571 0.684194 0.405339 0.344638 0.0169668 -0.0224326 -1.5172 0.383076
0.649159 0.681097 0.423399 0.305918 -0.0219016 -0.0494415 -1.18144 -0.167545
0.64127 0.675222 0.489242 0.399258 -0.0372494 -0.0304926 -0.0577657 -0.768308
0.615207 0.662893 0.43746 0.38358 0.0449889 -0.0420713 -1.52842 -0.341465
0.88638 0.707648 0.408101 0.382702 0.0234855 -0.0220237 -1.22861 1.33389
0.991943 0.770333 0.351535 0.370693 0.0391354 -0.0222953 -0.926217 1.27751
0.8099 0.851604 0.314608 0.313478 0.00509201 0.000834681 -0.0169222 -0.789305
0.740822 0.947066 0.258011 0.466681 0.0493774 -0.0409879 0.805892 -0.859966
0.951933 0.814829 0.40492 0.329714 -0.0300623 -0.0334071 -0.583266 0.336767
0.683737 0.555605 0.370853 0.256172 0.00224158 0.0378903 -1.20129 -0.294581
0.619205 0.505295 0.324862 0.47042 -0.000660726 0.046942 1.41039 -0.742134
0.815378 0.940031 0.43186 0.490379 0.024456 0.0497864 0.804741 -0.158149
0.697531 0.593707 0.326266 0.456725 -0.0439451 -0.0307794 -1.22775 -0.0244006
0.615802 0.988235 0.366909 0.368183 0.00543687 0.0420713 0.8871 -0.213374
0.964354 0.575915 0.423147 0.473151 0.0467925 0.0289483 -0.122291 0.631684
0.862941 0.694647 0.442221 0.31753 -0.0402005 -0.0134785 0.232837 0.396402
0.901166 0.835475 0.297952 0.448851 -0.0153035 0.00229041 -0.783648 0.183748
0.945036 0.722617 0.420583 0.276589 -0.0101459 -0.00816523 -0.308387 0.398991
0.506088 0.706137 0.457892 0.338832 -0.0481353 -0.041406 1.34692 -1.20158
0.673177 0.966933 0.46762 0.475059 0.0481109 0.0161214 -1.40282 -0.0730101
0.606388 0.534349 0.391079 0.405271 -0.0381619 -0.0271416 0.869458 1.38537
0.59386 0.616306 0.308039 0.465361 -0.00023957 -0.0206015 -0.126797 0.911165
0.670843 0.741783 0.472869 0.498695 0.0221061 0.0382534 0.0968835 -0.859775
0.801386 0.715949 0.381893 0.403943 -0.0147908 -0.0238945 -0.570227 1.18949
0.62241 0.887768 0.372059 0.339244 -0.00340739 -0.021395 -1.54779 1.35383
0.75042 0.729987 0.250793 0.332492 -0.0174581 -0.0124042 0.693429 1.18298
0.650594 0.731819 0.45716 0.297975 -0.0318201 -0.0390896 0.715097 1.24664
0.568484 0.603961 0.254196 0.45922 -0.0299524 -0.00536973 0.862843 1.14721
0.524049 0.796197 0.452628 0.428068 0.0011887 0.00783563 0.135618 1.49496
0.86845 0.827418 0.415647 0.440069 -0.0112903 -0.0101123 -0.84453 1.56476
0.903012 0.928312 0.345141 0.496055 0.00388348 0.0101947 -0.752393 -1.08499
0.561022 0.996323 0.349002 0.410001 0.00470443 -0.00953551 -1.22919 0.396211
0.651784 0.863292 0.289819 0.263108 -0.00901975 0.0394803 -0.734176 0.564091
0.667287 0.875546 0.414724 0.264214 -0.0280969 -0.0496368 -0.570419 -0.243671
0.651341 0.786447 0.266511 0.266305 0.0461364 -0.0396603 -1.09256 -1.00004
0.631184 0.961486 0.37608 0.439444 -0.00562609 -0.0269921 -0.663515 0.0233461
0.611682 0.89581 0.486007 0.349811 -0.0155507 0.0430967 -0.502346 0.948748
0.631947 0.544389 0.305452 0.445135 -0.0111164 0.0237358 0.286144 0.231686
0.884487 0.964583 0.296297 0.446203 0.014977 -0.0237785 0.649517 -0.577801
0.896756 0.771065 0.490532 0.394772 0.0473876 0.042288 0.201293 -1.53532
0.775445 0.903653 0.338847 0.357662 0.00320597 -0.0211386 -0.913849 -0.755748
0.513031 0.70716 0.340579 0.28708 -0.000459304 -0.0446654 1.37943 -1.46945
0.856944 0.824137 0.454817 0.287263 0.033581 0.0133259 0.0290028 -1.40675
0.741157 0.899823 0.292734 0.287294 -0.02481 -0.0110492 -0.109731 0.930436
0.780404 0.599811 0.341319 0.37022 -0.0280206 -0.00241249 0.311647 -1.17991
0.826777 0.940123 0.468177 0.258385 -0.0331172 -0.0188711 0.105321 0.108868
0.58887 0.929701 0.457701 0.455092 0.0282373 0.0177755 -0.231878 -1.4428
0.81344 0.525575 0.328425 0.29236 -0.00764031 -0.0057268 0.953734 0.55527
0.529496 0.900449 0.431722 0.385098 0.018627 0.040698 0.0547936 0.394868
0.855037 0.522675 0.331599 0.49144 -0.0429472 0.0277062 1.02679 1.48805
0.866054 0.548952 0.465896 0.279321 0.0283685 0.0263146 0.330727 -1.29275
0.528275 0.529328 0.338633 0.499382 0.0165975 0.0301569 0.542231 0.389403
0.691336 0.924818 0.493667 0.313982 -0.0258721 0.0402524 -0.778759 -1.10512
0.645283 0.937422 0.269539 0.28267 0.0393124 0.012273 0.165435 -0.319317
0.739845 0.65276 0.335673 0.253677 -0.0334834 -0.033694 -0.0771328 -1.07233
0.565981 0.995209 0.259682 0.411832 -0.0312769 -0.0408811 -0.168407 0.832546
0.70011 0.9953 0.356052 0.482627 -0.0274102 0.0189322 -0.39947 -0.837627
0.510651 0.869961 0.315996 0.342608 -0.0139546 0.0426725 0.709536 -1.5265
0.527284 0.915052 0.36861 0.285928 -0.0216483 -0.0442534 0.775883 -0.406469
0.872463 0.710395 0.473251 0.447264 -0.0273064 0.0343165 0.881251 -0.366489
0.755638 0.637394 0.29313 0.380825 -0.0487548 -0.00996277 0.724109 0.246835
0.529878 0.709143 0.450278 0.295808 -0.0272301 0.0173574 0.447888 -0.997549
0.811014 0.712897 0.311586 0.447928 0.00266884 0.0032548 -0.278953 1.5708
0.659261 0.665273 0.306269 0.437277 -0.0444212 -0.000483718 0.350957 1.31528
0.823389 0.579775 0.27443 0.412458 -0.0495483 -0.0424955 -0.134946 -1.45277
0.547304 0.546846 0.346995 0.430921 -0.0218802 0.0254234 1.19448 -0.24741
0.939299 0.626499 0.356815 0.475555 -0.0186178 0.00807367 0.756995 -0.0670657
0.903562 0.553331 0.281045 0.377529 0.047586 -0.0108753 -1.07454 1.46696
0.634419 0.754189 0.464827 0.395444 0.0136891 0.0158925 1.4638 0.378282
0.672918 0.678152 0.376095 0.450636 -0.0161397 0.0465819 -0.636382 -0.299854
0.526017 0.939192 0.391789 0.268769 -0.0404599 -0.039935 -0.659392 -0.330631
0.848155 0.771172 0.365162 0.427763 -0.0179708 0.028164 1.31509 -0.690169
0.685446 0.795511 0.474471 0.311792 -0.0124378 -0.0496307 1.41902 -0.0208531
0.782342 0.601199 0.352824 0.471717 -0.0251244 -0.0488403 -1.4637 1.45354
0.950713 0.637394 0.499344 0.391629 -0.0146901 0.0397366 1.23743 -0.0230583
0.50145 0.918516 0.471511 0.411771 -0.00462813 0.032281 0.547025 0.839736
0.738823 0.541765 0.358844 0.30755 0.0218039 0.036755 -0.345204 1.50455
0.5168 0.517289 0.287729 0.274972 0.0391842 0.000132756 0.03581 -1.3127
0.858486 0.910733 0.45761 0.322199 0.00998718 0.0181906 0.53015 0.543573
0.637532 0.798227 0.458319 0.317392 0.0271783 0.00775323 -0.0430965 -0.0234418
0.822474 0.534089 0.36874 0.442846 -0.0307306 0.0414701 0.120373 0.175311
0.783166 0.830866 0.386692 0.305315 -0.0320856 0.0450835 -0.214716 1.27521
0.660131 0.65186 0.490051 0.452635 -0.0120106 -0.042822 -1.53187 1.54798
0.79606 0.916272 0.379109 0.296548 0.0201529 -0.0485229 0.622288 0.556133
0.729972 0.516739 0.450278 0.441847 -0.0140584 0.0215751 1.36552 1.12813
0.753914 0.649434 0.300897 0.421674 -0.0446623 0.0282159 0.875211 0.731683
0.532044 0.956633 0.265404 0.339145 -0.0231407 0.00906858 0.326125 0.51807
0.782311 0.981796 0.482727 0.415235 0.0201224 -0.0490204 1.36294 0.621713
0.520539 0.937117 0.494865 0.442816 0.030929 0.024749 -0.318359 0.565529
0.867168 0.783685 0.376835 0.397061 -0.00115818 -0.017626 0.996015 -1.5126
0.916242 0.623981 0.397778 0.452017 0.0372707 0.0168538 -0.304265 -1.38566
0.667226 0.90698 0.463317 0.40347 -0.0239677 -0.0155873 -1.25977 -1.29237
0.519013 0.945723 0.339228 0.498047 -0.0335444 -0.0107044 -1.47281 1.46418
0.82664 0.747414 0.406323 0.418554 -0.00106662 0.0310236 -1.27828 -0.394772
0.520341 0.655995 0.446532 0.425581 0.0330103 0.0141499 0.477226 0.629766
0.787347 0.807215 0.460349 0.40537 0.0399655 0.0205466 -0.375789 0.122387
0.815836 0.896191 0.265427 0.323916 -0.042114 0.0441496 -0.897454 1.00848
0.601688 0.75753 0.376476 0.337275 -0.0407498 -0.0117603 -0.206375 0.214141
0.817652 0.757866 0.416379 0.308229 0.0310022 0.0252007 1.17109 -0.718356
0.74485 0.500961 0.308603 0.47911 -0.0328852 0.0187796 -0.797934 1.24031
0.767067 0.845302 0.250801 0.300851 -0.0262993 0.0088641 0.349998 0.0153883
0.927335 0.734077 0.469726 0.418447 -0.0134358 -0.0412564 1.41126 0.0755989
0.547014 0.837931 0.257324 0.312449 0.00128636 -0.0351283 1.1614 0.344821
0.907529 0.509857 0.288163 0.346889 0.0158101 0.0291375 -0.172338 -1.07339
0.994461 0.552904 0.468032 0.47335 -0.0144978 -0.00637989 -1.04625 -0.207525
0.804163 0.800241 0.313822 0.341304 -0.00924863 0.0378719 -1.48384 -0.558146
0.712973 0.507614 0.364696 0.314745 0.017037 0.0386654 0.715864 0.659968
0.908811 0.558596 0.374439 0.395032 0.0474975 -0.00772881 -1.54481 -0.0375357
0.885296 0.982086 0.285081 0.299966 -0.0319758 -0.000773644 -1.23494 -1.0033
0.998413 0.782296 0.481834 0.449187 -0.0151662 0.0115833 -0.499757 -0.943667
0.585665 0.581515 0.329134 0.355716 -0.0454558 0.0426908 0.985853 0.700332
0.64774 0.57506 0.488144 0.423872 0.0267541 0.0394559 -0.794195 -0.946926
0.592532 0.798898 0.265267 0.403325 -0.000877407 0.0171072 1.37684 -0.0822142
0.541932 0.709662 0.492119 0.499474 -0.0150563 -0.0435392 1.07224 0.152971
0.700873 0.577319 0.43659 0.390011 -0.00677053 -0.0363063 0.864377 1.42995
0.788995 0.690237 0.495308 0.397839 0.0212821 -0.00741142 0.800906 0.819794
0.534776 0.872662 0.41718 0.320109 -0.0402219 0.0293268 -0.159203 -0.947406
0.732231 0.81489 0.308359 0.413602 0.0103442 0.0397305 0.824492 1.31519
0.859966 0.715873 0.418317 0.286332 0.0156331 -0.0209586 0.128331 1.16236
0.762856 0.738197 0.457259 0.445402 0.00190283 -0.0358058 -0.296211 0.949707
0.896222 0.775735 0.444746 0.251053 0.0340999 0.00855586 0.659009 -0.327467
0.632405 0.533647 0.339564 0.2771 -0.0165761 0.0192129 0.374638 -1.52449
0.629963 0.92111 0.450896 0.327479 0.00742668 -0.0432707 -0.56179 -1.29841
0.765267 0.756203 0.380665 0.359104 0.0425718 -0.0425779 -0.455175 -1.23753
0.626682 0.783639 0.497185 0.310968 0.00931578 0.0181082 -1.3499 -0.743572
0.571184 0.50473 0.440039 0.339534 0.0296991 0.0433805 -0.917684 0.62411
0.843516 0.820109 0.406209 0.460273 -0.0425962 -0.0446226 0.337822 -0.373775
0.757775 0.984619 0.467483 0.345546 0.0203574 -0.0339534 -1.44568 0.352011
0.941649 0.875027 0.41905 0.278733 -0.024218 0.0119098 -1.05824 -1.08432
0.642949 0.57007 0.409398 0.264534 -0.0222007 -0.0486877 0.332165 1.5335
0.59888 0.743065 0.351459 0.29561 -0.0425169 0.0242241 -1.02842 0.580486
0.967544 0.866878 0.364994 0.275407 0.0154653 -0.0255303 -1.01183 -0.263709
0.822153 0.731635 0.250183 0.347278 0.026989 0.034518 1.26159 0.252587
0.707678 0.774697 0.492584 0.37981 -0.0405057 -0.0272729 -1.03235 -1.39093
0.759972 0.723304 0.299165 0.35847 0.00271157 0.00313883 -1.34942 -1.30023
0.887371 0.549623 0.415792 0.433409 0.0112201 -0.042288 0.844147 0.84942
0.514924 0.738365 0.475784 0.373585 -0.0404721 0.0211112 -0.0625595 -0.923149
0.890973 0.866771 0.379833 0.427114 0.00966979 0.0279626 0.140891 -0.828231
0.956282 0.997284 0.457144 0.33787 -0.00874508 0.0226157 0.42785 1.03504
0.775689 0.882595 0.407773 0.268334 -0.00593127 -0.0185751 -1.28 -1.30877
0.532289 0.98323 0.276299 0.378719 -0.0268578 -0.00250099 -0.393909 1.11442
0.584063 0.797586 0.456725 0.312265 -0.0336634 0.0279748 0.46227 -1.53302
0.582934 0.504563 0.47853 0.336894 0.0244072 0.00377361 -0.0430965 -0.580006
0.656529 0.918638 0.324145 0.393056 -0.0464141 0.00188452 0.664186 1.31922
0.652211 0.757363 0.277543 0.2978 -0.0293146 -0.0198874 -0.495731 0.0150048
0.943831 0.72158 0.304102 0.355152 -0.0293664 -0.0256493 0.56783 -1.48575
0.800745 0.887875 0.461783 0.372707 0.00658437 -0.0416471 0.0579576 -1.25412
0.819575 0.913724 0.343455 0.334475 -0.0175192 -0.0340144 -0.100047 -1.5684
0.918271 0.555025 0.300615 0.480018 -0.0418638 -0.0239982 -0.247602 -0.655461
0.892743 0.996292 0.448172 0.28972 -0.0331751 -0.0406919 -1.16476 -1.31778
0.536073 0.993011 0.450652 0.376507 0.0453368 -0.0112751 1.29323 1.25316
0.820124 0.82696 0.339534 0.283578 -0.0234336 0.0112568 -0.040412 -0.932353
0.639637 0.573626 0.361934 0.438597 0.0446074 -0.0171468 1.3545 0.017977
0.6189 0.682363 0.360424 0.263985 0.00229957 -0.0343196 0.809152 -1.16926
0.980956 0.868938 0.434225 0.443579 -0.0486724 -0.0121174 -1.17483 0.248081
0.97911 0.820582 0.381535 0.345401 0.0348048 -0.0341548 -1.02468 0.190651
0.891171 0.71366 0.423231 0.350864 0.0423246 -0.0110309 -0.0851864 0.299759
0.576067 0.543626 0.457663 0.340022 0.0275658 -0.0330714 0.35134 -0.689881
0.593005 0.767724 0.346873 0.333247 0.0383572 0.0394406 1.26658 -1.04721
0.883053 0.759957 0.483924 0.289048 -0.0407407 0.048529 -0.895345 -0.74501
0.513306 0.578753 0.391545 0.308176 -0.0333583 -0.0267174 1.34625 -1.05517
0.983612 0.546983 0.352016 0.493965 -0.00374004 0.0271447 -1.50972 0.961883
0.595523 0.644566 0.318316 0.46894 0.023339 0.0176473 -0.736285 1.08058
0.884152 0.713553 0.356479 0.297693 -0.0448637 -0.0313013 0.247314 0.489211
0.612156 0.975692 0.369236 0.315973 0.0360469 0.00534532 -0.121428 1.48269
0.826472 0.862484 0.350917 0.365993 -0.0348476 0.00103 0.279816 -1.16505
0.977386 0.657811 0.423551 0.438093 0.0263176 -0.0126362 0.0548895 1.4102
0.600177 0.953001 0.404286 0.468566 0.0307642 0.0263878 0.0446307 -0.812316
0.559389 0.91435 0.403974 0.293741 -0.0278588 0.0453459 0.0501915 1.36687
0.855296 0.863292 0.457114 0.260384 -0.00587634 0.0339351 -0.909343 1.0358
0.993088 0.668889 0.432913 0.492256 -0.0295373 0.00409101 -0.804741 1.49486
0.914594 0.953001 0.477752 0.312944 -0.00241249 0.0122425 0.163326 0.560639
0.99237 0.60773 0.488746 0.325053 -0.00033723 0.0440794 0.999755 -1.17483
0.586291 0.62569 0.368648 0.395466 0.0461943 -0.0381924 -1.39783 0.453641
0.662786 0.742378 0.312029 0.296991 -0.0179281 0.0139424 -0.59295 0.237151
0.976424 0.891415 0.372585 0.256188 -0.0298181 0.00753655 0.0120326 0.884415
0.814005 0.971999 0.311823 0.407514 0.0464629 0.0429838 -0.392184 0.859679
0.801355 0.929121 0.478919 0.403615 -0.012508 0.0112476 0.235617 -0.106759
0.772271 0.645985 0.471862 0.431967 -0.0094409 -0.0463408 1.15412 0.171955
0.700323 0.64922 0.329829 0.38773 -0.0337519 -0.0158284 -0.117017 0.0675452
0.692907 0.626392 0.256829 0.452818 0.043524 -0.0258904 -0.0779956 -0.745202
0.547929 0.756096 0.376591 0.331278 -0.0127155 -0.000541704 0.012512 -0.491128
0.872906 0.85052 0.268654 0.390896 0.0284692 -0.0493835 -0.499182 1.18336
0.76661 0.810556 0.285806 0.461028 0.00661794 0.00467086 0.952104 -1.49026
0.56328 0.893323 0.402692 0.286691 0.0249535 -0.0398587 0.589882 -1.14721
0.639164 0.792322 0.345668 0.388966 0.0179617 0.0342799 1.12133 -0.05441
0.781716 0.529954 0.253998 0.331553 0.0314722 0.022805 -0.179817 0.504839
0.62122 0.662618 0.372188 0.393628 0.0152303 0.0221824 -1.00474 0.243191
0.624943 0.798288 0.273614 0.398961 0.0279809 0.014388 1.14299 -1.29668
0.653768 0.926572 0.365459 0.451262 -0.0449675 0.0141743 1.35076 -0.802344
0.581332 0.561342 0.42478 0.32577 0.0383633 -0.0211631 -1.05651 -0.997645
0.975677 0.695776 0.415922 0.267129 0.0191702 -0.0195212 0.097267 0.365818
0.843364 0.569903 0.339167 0.44348 -0.00703909 0.0407743 -1.14558 1.48863
0.936125 0.750771 0.360584 0.30678 -0.0228629 0.0282281 -0.626794 -1.10819
0.620045 0.524903 0.473189 0.359455 -0.00894345 0.0179647 0.869362 1.17444
0.807169 0.603519 0.439299 0.327219 0.0486328 0.0139668 -1.34031 0.750092
0.949599 0.639973 0.264191 0.488197 -0.0366207 0.0338557 1.30627 0.956802
0.596194 0.559938 0.450987 0.408238 -0.0339656 -0.0438475 1.02775 1.14597
0.511719 0.703955 0.286737 0.332568 0.0346034 0.0300501 1.05469 -0.556325
0.858486 0.782434 0.409902 0.483612 0.0369411 0.0476653 -0.607139 0.617302
0.940352 0.643361 0.408856 0.265084 -0.014156 -0.0211844 1.25555 0.77176
0.509598 0.852306 0.451895 0.372379 0.00662099 -0.0317164 0.470707 -0.856515
0.635914 0.584933 0.448271 0.30913 0.0171682 -0.0044145 -1.01835 -0.70944
0.638035 0.832286 0.490638 0.310091 0.0205496 -0.00277871 -1.53465 -0.320084
0.577975 0.918104 0.328646 0.420225 0.0100818 -0.0485412 -1.37377 -1.19486
0.817591 0.829096 0.373875 0.480049 -0.0131001 0.0255882 -0.975018 -0.874348
0.637715 0.857448 0.4859 0.267243 -0.00995666 -0.0143056 1.29966 0.40273
0.919904 0.555879 0.289705 0.294527 0.0390347 -0.0310846 -0.786908 1.28288
0.890423 0.505295 0.274354 0.263718 -0.0110492 0.018218 0.509537 -0.297266
0.927 0.894772 0.422803 0.426107 -0.00198828 -0.0203513 -1.10253 1.54117
0.927931 0.914167 0.373081 0.349048 0.00764946 -0.0378842 -0.166969 -0.182693
0.743721 0.959258 0.36066 0.338832 0.0350917 -0.0403562 -0.428137 -0.163038
0.671239 0.649236 0.442091 0.269761 -0.021569 0.0361446 -0.828423 -0.823821
0.510315 0.65685 0.49987 0.319514 0.0342219 -0.0273247 0.036577 1.04616
0.682928 0.850917 0.278588 0.360759 0.0275323 -0.0227805 -0.143479 1.34558
0.914838 0.751473 0.45233 0.25898 -0.0454527 -0.0430692 1.50311 -0.331206
0.979675 0.797296 0.473266 0.326586 0.0376339 -0.0470794 0.328905 -0.288637
0.505661 0.926023 0.451552 0.433287 -0.00708792 0.0375118 0.133029 -0.92871
0.844737 0.966674 0.316485 0.272652 0.0103595 -0.0260033 1.2451 -0.135426
0.504105 0.844798 0.258858 0.285012 0.0463561 0.0389309 1.56821 -0.687292
0.640522 0.599994 0.454611 0.486518 0.0287835 0.00685598 1.15661 1.14338
0.616779 0.716071 0.319674 0.454489 -0.025396 -0.00238807 0.902536 0.679431
0.620991 0.763482 0.296167 0.469077 0.019924 -0.0139302 -1.52602 0.167545
0.84814 0.854564 0.419729 0.311037 -0.0374142 -0.0255913 0.353929 0.935517
0.744255 0.910978 0.418172 0.465903 0.0172414 0.0268792 -0.286623 0.65642
0.813028 0.743919 0.341357 0.48426 -0.0170736 -0.032931 -1.33887 -1.14213
0.984985 0.946562 0.472335 0.498421 0.0231468 0.0376797 -0.531301 1.25488
0.549074 0.599246 0.269707 0.395222 -0.0415586 0.0227714 -0.669459 0.911548
0.646931 0.786996 0.341304 0.395184 -0.0285119 0.0325434 1.22487 -0.932545
0.829371 0.929609 0.449026 0.287782 0.0246483 -0.0494079 0.0334131 -0.34856
0.675542 0.924238 0.294977 0.323138 -0.00993225 0.0436949 0.471666 -0.523535
0.974746 0.600467 0.338885 0.259789 -0.00775018 0.0340388 0.8522 -0.752297
0.970305 0.987945 0.396687 0.318857 -0.0368709 0.0340297 -0.766391 0.82593
0.666417 0.896298 0.270432 0.294343 0.00965453 0.0435209 -0.0388779 0.170709
0.697256 0.807947 0.409452 0.319773 -0.0061388 0.0096057 -1.39112 1.09803
0.758522 0.582965 0.352664 0.29104 0.0254601 0.0488647 -1.26869 -0.416536
0.601627 0.976821 0.452284 0.445479 -0.0331019 0.0321436 0.732546 1.44712
0.590426 0.970305 0.378643 0.347247 -0.0490417 0.031814 0.552681 1.1591
0.820231 0.912275 0.406377 0.278909 0.0108203 0.0315332 1.315 0.309346
0.799478 0.974593 0.481765 0.289315 0.0226432 -0.00148167 0.230727 -0.234275
0.69393 0.919767 0.32139 0.397671 -0.0393521 0.0183187 1.0312 0.0787628
0.633259 0.681036 0.292016 0.453879 -0.0353053 -0.00794549 -1.48316 0.708865
0.580233 0.754921 0.321703 0.405202 0.0203604 -0.00378277 1.19995 1.21644
0.762291 0.906308 0.342212 0.469047 -0.0484985 0.00490585 0.930244 1.27415
0.665746 0.686056 0.262627 0.462111 0.0253655 -0.0253929 -0.535328 -0.498511
0.592395 0.761025 0.47425 0.285691 -0.0298669 -0.00853755 0.871088 0.545107
0.778665 0.556688 0.3867 0.317354 0.00502487 -0.0189688 1.18202 -1.00925
0.577258 0.712241 0.495346 0.458708 -0.0171377 -0.019454 0.434657 -0.204169
0.701285 0.848079 0.479904 0.339541 0.0451506 -0.0263085 -0.60666 -0.155272
0.530915 0.645955 0.334323 0.428205 -0.0103442 -0.0121265 -0.192185 -0.257956
0.982543 0.741585 0.277932 0.298143 -0.0495117 -0.0460356 -1.21989 -1.28
0.940306 0.929624 0.447821 0.300821 -0.00932493 0.0285913 -0.767349 0.933791
0.750389 0.681326 0.372448 0.39478 0.00723746 -0.0211203 -1.22248 -1.4126
0.777612 0.974624 0.476562 0.38097 0.0487762 0.0297479 0.970033 1.00647
0.524476 0.936628 0.367298 0.294412 0.0455412 -0.0263634 -1.32027 -0.300717
0.812967 0.798791 0.401593 0.452025 -0.0479888 0.0428129 -1.30359 1.3569
0.528504 0.664464 0.284799 0.406682 0.00198523 0.0441008 -0.396786 -0.0174016
0.926801 0.588931 0.450575 0.307634 -0.023867 -0.0438322 1.4592 1.25258
0.502777 0.972045 0.471992 0.417074 -0.0178976 -0.0107074 0.166969 -1.42708
0.922422 0.763253 0.253952 0.28296 0.0470794 0.00761284 1.08183 1.36648
0.516709 0.979247 0.256829 0.318194 0.0228721 0.0139058 -1.54376 -0.650859
0.838466 0.533921 0.251297 0.285897 0.00348674 -0.00314798 -0.739545 1.02746
0.78132 0.881146 0.354518 0.441061 -0.0447874 0.0407987 0.269462 -1.2406
0.761467 0.969604 0.347491 0.328364 -0.0408048 -0.00198523 0.10302 -1.38671
0.96173 0.510529 0.273698 0.486305 -0.0334986 0.0234825 -0.910206 -1.2196
0.638249 0.557787 0.318987 0.30752 -0.0342708 -0.0278649 -0.47435 1.36869
0.989624 0.900388 0.472716 0.305422 -0.0369503 -0.0413572 0.040508 1.0267
0.588519 0.767556 0.470107 0.287027 -0.0251854 -0.020333 -0.216921 0.663898
0.875851 0.84637 0.265877 0.432066 0.0326167 -0.00136876 -0.143 0.860254
0.717353 0.61182 0.289201 0.278314 0.000868252 -0.00702078 -1.13446 0.663323
0.522813 0.969359 0.47972 0.363247 0.00690176 -0.03605 1.41672 0.349902
0.927656 0.709998 0.354999 0.271805 -0.0164907 0.00884884 -1.25469 -0.132645
0.537049 0.777886 0.35918 0.340602 0.0240593 -0.0442167 -0.00532109 -0.761309
0.732673 0.850414 0.492805 0.268181 -0.0499542 -0.0390316 1.05747 0.930915
0.541673 0.730735 0.473968 0.381672 -0.00881527 -0.0315363 0.935038 -1.52132
0.568514 0.552873 0.430723 0.309618 -0.0220176 0.0324549 -0.361887 -1.51135
0.988937 0.799356 0.374699 0.311098 0.046823 0.00199744 -0.376843 0.623247
0.606647 0.631138 0.455977 0.261055 -0.0424772 -0.0316797 1.33772 1.54012
0.97261 0.530351 0.499237 0.291917 0.0234489 -0.0254479 -0.842325 0.795154
0.566408 0.755348 0.3211 0.341441 -0.045941 -0.0119922 -0.289883 -0.716343
0.540651 0.608127 0.328852 0.356792 0.0100055 0.0349544 -0.253354 -0.354408
0.527436 0.514634 0.400227 0.404958 -0.0293146 -0.00213172 -1.03245 -0.790935
0.507584 0.917188 0.29458 0.439268 0.0143605 -0.0247978 0.672144 0.60551
0.742256 0.979598 0.345294 0.472312 0.0106891 0.00366375 0.235521 -0.78432
0.767067 0.604755 0.433378 0.405004 0.0258415 0.0429594 -0.889017 0.853255
0.948759 0.764718 0.492363 0.261948 0.040051 0.0230735 0.375214 0.571473
0.604297 0.643269 0.294412 0.333048 -0.0222892 -0.0459624 1.52449 1.13216
0.682623 0.590991 0.267762 0.471335 0.0499481 -0.00180822 0.230152 -1.11922
0.508621 0.892865 0.345309 0.297082 0.0096881 0.00493637 0.487389 -0.140124
0.589938 0.848308 0.344485 0.308168 0.0192526 0.00802179 0.306087 0.185474
0.985992 0.663823 0.378414 0.396664 0.0304254 -0.0146992 -1.35565 -0.195349
0.739647 0.658025 0.298296 0.271676 -0.0229667 -0.0190085 -0.406469 -0.634177
0.871426 0.779199 0.41702 0.288476 -0.0199728 -0.00955077 1.2474 -0.947022
0.936018 0.935453 0.264054 0.433828 -0.0349483 0.00742973 0.67224 -0.616631
0.641545 0.637181 0.371609 0.467589 -0.00746025 0.0338588 -0.729957 0.827081
0.531159 0.9523 0.341968 0.47058 0.000273141 -0.0479125 -0.891222 -0.89314
0.727134 0.773675 0.446158 0.298677 -0.0415372 -0.0403256 -0.354121 1.31126
0.737571 0.899289 0.253807 0.443167 0.037344 -0.0333674 1.12775 -0.0117448
0.82551 0.924787 0.294313 0.297327 -0.0127705 -0.0447966 -1.04328 -0.530726
0.94058 0.948546 0.499191 0.329318 0.0311151 0.00213477 0.442615 0.172434
0.713111 0.589282 0.42571 0.411237 -0.0302728 -0.036581 1.10493 0.579143
0.510834 0.816141 0.261795 0.304514 -0.000868252 0.0215903 -0.931394 1.17272
0.557985 0.591189 0.362171 0.301485 0.0407895 -0.00454268 0.426508 0.917013
0.616916 0.82461 0.315668 0.273247 -0.015865 0.0124012 -0.138014 -1.16112
0.732292 0.642186 0.29397 0.373783 0.0416837 0.0431181 -0.636573 0.716918
0.53769 0.965423 0.43141 0.400266 0.0165609 -0.00110935 -0.942228 -0.541847
0.624775 0.904141 0.486129 0.309709 -0.0173696 -0.00863826 1.00186 1.4218
0.974899 0.961501 0.282449 0.391797 -0.0229637 -0.0452116 0.80081 1.29812
0.953276 0.551607 0.434561 0.347987 0.00529954 0.0308191 -1.53101 -0.207333
0.865612 0.829676 0.351314 0.276856 -0.04111 0.015746 0.258436 1.28221
0.577242 0.834422 0.272439 0.315706 0.0453032 -0.0297205 -1.11145 0.867924
0.694784 0.943281 0.335856 0.438437 0.0306421 -0.00818049 1.29323 -1.47521
0.810251 0.639973 0.426374 0.409604 -0.00530564 0.0492065 0.210881 -0.493334
0.807703 0.594562 0.305513 0.394803 -0.00149083 -0.0200095 -0.424302 1.00656
0.732429 0.555986 0.272691 0.477271 -0.0355251 -0.0497894 -0.540313 -0.369461
0.72251 0.557207 0.357555 0.330706 -0.0310999 -0.0233512 0.256998 0.834463
0.503037 0.932798 0.293657 0.298433 0.0470946 0.0115864 0.978949 -1.09132
0.942717 0.648885 0.273316 0.378674 0.0109272 -0.00990783 1.08173 -0.232837
0.672948 0.945936 0.483772 0.366214 -0.0210623 0.0397763 -0.453449 -1.42468
0.769631 0.793664 0.424497 0.40022 0.0188894 -0.0469573 0.635135 0.183364
0.997116 0.658666 0.255951 0.418348 0.00285195 0.0218894 1.18796 0.680965
0.614978 0.584552 0.42935 0.267106 -0.0252159 0.0351344 0.306949 -0.809247
0.747093 0.584445 0.347865 0.468459 0.0306177 0.0382076 0.00608824 -0.940599
0.813303 0.84608 0.308969 0.392636 0.0108081 -0.0445921 -0.0290026 -1.55603
0.523545 0.749397 0.478111 0.337283 0.00545518 -0.0253319 -1.00503 -1.42852
0.934507 0.696631 0.393544 0.262803 -0.0281549 -0.00517136 -0.0509584 1.39525
0.568728 0.75486 0.252495 0.433958 -0.0354549 0.0353816 -0.563228 -0.211264
0.596332 0.611087 0.478568 0.467681 -0.0220176 0.00876644 -0.167065 1.12094
0.579028 0.839854 0.320299 0.287225 0.00150914 -0.0448912 -0.276365 -0.613851
0.776894 0.983276 0.48114 0.482528 -0.0130055 0.0395108 0.447601 -0.435999
0.517396 0.943617 0.280488 0.326739 0.0289056 0.0117908 0.462749 -0.0398367
0.62714 0.688421 0.346179 0.449149 -0.0431394 0.0287652 -0.468406 -1.49831
0.925932 0.768059 0.338008 0.414243 0.0407437 0.0390164 0.156519 0.996303
0.783395 0.645772 0.452696 0.457091 0.00824763 0.0301447 -0.0161552 -0.0616966
0.738243 0.840297 0.45999 0.374889 -0.0250206 0.0385495 0.3081 -0.738395
0.679785 0.880947 0.270028 0.324892 -0.012978 0.0216819 -0.739162 0.214524
0.592151 0.575137 0.282022 0.278443 -0.023986 -0.00718558 1.10119 -1.37722
0.860851 0.588534 0.264092 0.381375 0.0267418 0.0183187 0.764665 -0.174831
0.642003 0.837596 0.26442 0.470573 -0.0428098 -0.0225974 0.22229 1.01347
0.793939 0.694617 0.303636 0.496841 0.0111621 -0.0155873 0.0985134 0.670226
0.871303 0.505356 0.348453 0.354022 -0.036697 -0.0264336 1.10723 0.543957
0.681753 0.919141 0.316507 0.364338 0.0367367 0.0462401 -0.403114 0.164093
0.905103 0.531343 0.362568 0.41998 0.0330866 -0.0192801 -0.803303 -0.398032
0.77488 0.838557 0.44586 0.280946 -0.0248955 0.00448469 0.863993 1.05373
0.822581 0.506119 0.428716 0.279214 -0.0382809 0.0289514 -0.392184 -0.179337
0.684225 0.948241 0.45645 0.428991 0.0356197 0.0467498 0.454312 -0.75594
0.969527 0.720481 0.368503 0.443403 -0.0366695 -0.00850398 0.247985 -0.670706
0.693548 0.724982 0.390835 0.407285 0.02781 -0.0399533 1.26064 -0.100623
0.770821 0.727912 0.359539 0.356326 0.0334956 -0.00272988 0.0614091 -0.570419
0.571963 0.689596 0.475707 0.262398 0.0239067 0.0433073 -1.23043 -1.01375
0.542924 0.907102 0.341609 0.425169 0.0117206 0.043347 0.993043 -1.29496
0.886486 0.969283 0.278039 0.269929 0.0213431 0.0198721 -1.26658 -0.625931
0.806467 0.5244 0.422971 0.301729 0.0439817 0.0074572 0.526699 -0.30321
0.814386 0.860179 0.361415 0.465712 0.00523545 -0.05 0.283651 -1.33868
0.598575 0.796381 0.286576 0.413694 0.045175 -0.0394894 -0.067641 -0.128427
0.95587 0.889904 0.442244 0.427068 0.0109058 0.0433653 1.03609 -1.00647
0.785592 0.95233 0.346362 0.495865 -0.0383419 -0.0209311 -0.0540265 1.43925
0.646428 0.880016 0.295999 0.304102 -0.0136341 -0.028457 -0.945488 1.17243
0.875378 0.79667 0.403439 0.371426 0.0337367 -0.0421384 -0.408291 -0.821328
0.769478 0.508469 0.413533 0.350917 -0.045175 -0.0194601 1.09755 -1.23504
0.829936 0.771584 0.302385 0.483215 -0.0418607 0.0222861 1.28681 -0.318838
0.568728 0.87225 0.407224 0.456854 -0.0228111 0.00327006 -0.551243 0.48854
0.877834 0.519395 0.337504 0.424909 -0.0494324 0.0408963 0.238781 -0.249615
0.960768 0.549715 0.417318 0.427778 0.0145558 -0.0279443 -0.986332 -0.813945
0.826777 0.945189 0.409024 0.472335 0.00815607 0.0379147 -1.02468 -0.637149
0.847514 0.663198 0.268128 0.267273 -0.00928526 0.0311426 0.433219 0.494484
0.87608 0.779153 0.429411 0.364711 -0.0280236 0.00572375 -0.116826 -1.08173
0.928755 0.941496 0.374317 0.457991 -0.0453368 0.0491852 -1.09438 1.24539
0.929121 0.639256 0.479575 0.335856 -0.0104419 0.0173788 0.888058 -0.367639
0.514634 0.782281 0.397099 0.492767 0.0430845 0.0317499 -1.28336 -0.717206
0.905896 0.593631 0.465117 0.395489 -0.0226279 0.0390927 0.559872 0.788059
0.838145 0.814768 0.400548 0.40598 0.0428556 0.0338252 -0.505222 0.139261
0.555498 0.72309 0.272622 0.360454 -0.0166677 0.0427427 0.0764618 0.128235
0.867595 0.96205 0.257805 0.304758 -0.0464446 -0.0277001 1.31644 -1.42152
0.768654 0.68366 0.425878 0.385968 0.0493042 0.0183706 -1.09621 0.531589
0.61919 0.503662 0.307352 0.400227 0.0499573 0.0384976 0.386144 0.979812
0.890149 0.769051 0.492119 0.496879 -0.0264183 -0.0133168 -0.0990885 0.980196
0.969497 0.638142 0.259255 0.288766 0.0445219 0.0106372 0.425165 0.597456
0.531388 0.973189 0.488273 0.368908 -0.0265679 0.0115497 -1.28288 0.0945825
0.967864 0.545412 0.351398 0.483276 0.0499115 -0.0336421 -1.07339 -0.0549852
0.882885 0.552644 0.287255 0.359928 0.0475433 0.012505 1.4637 -0.332932
0.649052 0.949385 0.255753 0.44438 0.0414884 -0.00478378 -1.45594 -1.37856
0.526734 0.589267 0.274178 0.291162 0.0385586 -0.0227531 1.54395 -1.22775
0.845683 0.680364 0.484642 0.361721 0.0198019 0.0111774 -0.369844 -0.0128953
0.749168 0.552538 0.252609 0.478484 -0.00443281 -0.0258599 0.467159 0.441944
0.500656 0.737663 0.296922 0.435209 -0.0269036 -0.034875 -0.941941 -1.01021
0.852977 0.862148 0.350818 0.263619 0.0366024 -0.0352901 0.386719 -0.507811
0.979827 0.852016 0.354343 0.406232 0.0398251 -0.042645 -1.53101 1.40742
0.970077 0.950484 0.42803 0.295457 0.0111377 0.0161489 -0.219414 -1.37626
0.884304 0.548051 0.377697 0.338961 -0.0288873 -0.0499237 -0.0479862 -0.892373
0.873974 0.825114 0.480682 0.311251 -0.0373989 0.013805 -1.44347 -0.610207
0.863094 0.706931 0.303117 0.401547 -0.00669729 -0.0200827 -1.41739 -1.28499
0.792306 0.631336 0.298662 0.417867 -0.00913877 -0.0262993 0.0154842 -0.552777
0.925565 0.628712 0.438322 0.397404 -0.0295801 -0.0295892 0.0947742 0.0127996
0.71926 0.714637 0.371593 0.373074 0.0147298 -0.0449797 0.248369 -0.767349
0.753914 0.594897 0.368862 0.296442 -0.0333094 0.0445128 0.852392 -0.523439
0.728187 0.683157 0.295015 0.366756 0.0344691 -0.0273888 -0.475021 -0.786716
0.515687 0.930937 0.36436 0.266343 0.009035 0.0370876 -0.761597 0.0922814
0.78399 0.970275 0.426702 0.302187 -0.00572069 0.00948363 1.11548 0.279529
0.676321 0.568728 0.284783 0.453787 0.0495666 0.00741447 0.759679 -0.817493
0.555681 0.897046 0.292871 0.32725 0.044818 0.0293085 0.687484 0.996687
0.811548 0.609134 0.486679 0.265679 0.0280938 -0.0483123 1.16064 1.36562
0.728904 0.734733 0.494461 0.365734 0.00566881 -0.0110706 0.836477 1.1383
0.919996 0.884442 0.479415 0.400487 0.0346217 0.0155232 0.953159 0.0981299
0.818369 0.767296 0.363338 0.398534 0.0278863 -0.0491546 0.481924 -1.06169
0.735618 0.520859 0.331462 0.379368 -0.0281487 0.00643483 1.09736 0.0597792
0.980422 0.853862 0.36861 0.494934 -0.0435545 -0.00427107 -0.0265098 0.907713
0.540223 0.501099 0.326594 0.327517 0.017687 0.00636158 -1.31854 -1.30416
0.825449 0.991272 0.272828 0.343844 -0.0072161 0.0349086 -0.0877751 0.23648
0.976012 0.726783 0.370205 0.255394 -0.0122913 -0.0158437 1.45181 -0.823725
0.730522 0.876568 0.288247 0.285051 -0.0427274 0.0228751 -0.0274686 -0.822574
0.857967 0.580981 0.395482 0.339938 -0.00229041 0.00807978 1.50186 1.36399
0.651753 0.969497 0.483085 0.340487 -0.0482604 -0.0302057 0.866007 0.0139501
0.986465 0.990707 0.269723 0.455847 0.0261711 -0.0416837 -0.772814 -0.934558
0.936888 0.554949 0.43775 0.495445 0.0219504 -0.0460143 0.0212368 -0.830436
0.959731 0.989425 0.450545 0.456839 -0.0232322 0.0394559 -0.994577 -0.72641
0.63773 0.805597 0.401135 0.479843 0.0201163 0.0344417 -0.168887 0.167353
0.986343 0.779519 0.392132 0.456862 0.040878 -0.00699637 -1.40627 0.568789
0.822748 0.844234 0.446821 0.299493 -0.0326075 -0.0366939 0.191034 1.45574
0.697699 0.794885 0.451544 0.361385 -0.0399411 0.00988647 0.516632 -0.205128
0.889477 0.80636 0.379345 0.267327 0.01639 -0.00159764 0.462366 -0.0571904
0.960616 0.763283 0.29487 0.398625 -0.0114124 0.0429319 1.46351 -1.26476
0.877026 0.902692 0.390469 0.284669 0.0136494 0.0157064 1.43666 0.814713
0.689673 0.76899 0.303575 0.400815 -0.0440886 0.019393 0.535232 1.36389
0.778665 0.981643 0.465384 0.372456 -0.0378353 0.0218589 1.0149 -0.922766
0.659886 0.81518 0.480689 0.335414 0.0291955 -0.0465697 1.20742 -1.47032
0.854228 0.5918 0.28901 0.452506 -0.0161184 -0.0333277 -0.686621 -1.20033
0.819086 0.886486 0.357051 0.336406 -0.0242241 -0.0413724 0.727944 -0.234179
0.942656 0.544465 0.402234 0.378773 -0.0178213 -0.0443846 0.627178 0.940119
0.600436 0.511475 0.397633 0.485542 0.0257073 -0.0395291 1.50474 -0.875594
0.774483 0.97615 0.358104 0.468581 0.00438704 -0.0376736 -0.315003 0.596593
0.734977 0.825205 0.407689 0.343532 0.034225 0.00886715 0.503401 0.702057
0.784371 0.911008 0.378178 0.283891 0.00428327 0.0411039 -0.678472 -0.0332212
0.564074 0.631611 0.439077 0.481391 0.0442656 -0.0093646 0.63504 0.182789
0.923582 0.82342 0.258683 0.412549 0.00458541 0.0394131 -0.12603 -0.684704
0.852016 0.96614 0.446501 0.261589 0.0489593 0.0420103 0.153834 0.939448
0.972427 0.700461 0.276826 0.499512 -0.0405393 0.0103778 1.14549 0.508386
0.598331 0.658132 0.443716 0.369404 -0.0458739 -0.0388668 0.903303 -1.28269
0.852886 0.604434 0.347018 0.278123 0.0170217 0.0252983 1.22775 1.12324
0.85049 0.893399 0.409833 0.344073 0.0408017 0.0205741 0.855077 0.877704
0.941008 0.735267 0.427114 0.35136 -0.0181814 -0.0138783 -1.53647 1.12382
0.516282 0.776681 0.44554 0.360111 0.0276879 -0.0201956 -0.785566 -1.48527
0.879437 0.993164 0.42468 0.473083 -0.0226402 0.0379757 -0.305703 0.112224
0.676351 0.894208 0.42935 0.258515 0.0337062 -0.00228431 1.52487 1.40733
0.889935 0.540925 0.353252 0.329257 0.00858943 -0.0183615 0.231878 0.862747
0.89668 0.876095 0.423856 0.328066 0.0404569 0.045114 -0.359394 0.710974
0.585849 0.866649 0.488556 0.319254 0.0244011 -0.0139393 1.53024 0.289883
0.541108 0.958922 0.332003 0.336528 -0.0452574 0.0172109 -1.17703 0.767925
0.784661 0.846065 0.274781 0.337069 -0.0198752 0.000856044 0.582307 -0.734272
0.583865 0.548235 0.303293 0.311914 -0.0289331 0.0461425 0.854118 0.649517
0.820429 0.805124 0.480842 0.302553 5.64592e-005 -0.0311975 1.30886 -0.128619
0.921995 0.78103 0.390072 0.323763 0.0341212 0.0134541 -0.282501 0.83197
0.856304 0.582446 0.356578 0.442724 0.0399167 0.0383389 0.813274 -0.494101
0.687857 0.588198 0.45378 0.264351 0.00128941 -0.0373989 -0.730724 0.447984
0.697027 0.591891 0.289056 0.322939 0.0493774 -0.0239341 0.770418 0.704358
0.561724 0.757134 0.321154 0.379971 0.00515915 0.0114704 -0.506277 0.820753
0.601505 0.884991 0.4588 0.378224 0.0345576 -0.020745 -0.0348511 -1.03619
0.584231 0.99414 0.440558 0.302141 0.0160054 -0.035165 -1.53293 -0.426603
0.595187 0.713431 0.496025 0.444441 0.0205252 -0.0116565 -0.602633 -1.15575
0.96881 0.986969 0.288148 0.328921 0.00430769 0.0269097 0.60388 0.446738
0.782662 0.591647 0.386914 0.289613 0.0137867 -0.000578326 1.10388 -1.34721
0.914258 0.96733 0.274186 0.456099 0.00323038 0.013802 -0.229193 1.12526
0.660054 0.859279 0.379872 0.395131 -0.0352016 -0.0232444 0.697168 0.262079
0.917234 0.773385 0.399274 0.408483 -0.0288598 -0.0339534 0.100143 -0.0868163
0.927686 0.743614 0.391736 0.48703 0.0304621 -0.0347346 -1.24635 0.077037
0.58475 0.912214 0.410558 0.421117 -0.0459014 -0.0389157 -0.896399 -0.731108
0.802377 0.922163 0.414068 0.317179 0.0366207 0.00304117 -0.364188 -1.14673
0.946684 0.622349 0.458045 0.270562 0.0483642 0.0257836 -0.93964 -0.0857617
0.830149 0.585116 0.419362 0.444632 0.0405606 0.0338404 0.889113 -1.0521
0.768242 0.936323 0.250824 0.306131 -0.0371212 0.0489044 -0.444053 1.22717
0.698553 0.997909 0.26735 0.266785 -0.0064745 0.0195761 1.48825 1.5708
0.862468 0.743019 0.463317 0.481147 -0.0182028 -0.00636158 -0.554311 -1.50685
0.549272 0.56357 0.361209 0.300684 0.00319071 -0.047174 0.660063 0.893236
0.902814 0.850322 0.391514 0.384167 0.0269585 0.0100879 -1.18173 -0.99429
0.790597 0.885434 0.303819 0.46424 -0.00381329 -0.0306574 -0.154026 0.149999
0.735511 0.547563 0.359233 0.270272 0.020394 0.047766 0.959199 0.467639
0.909909 0.829478 0.30401 0.357486 -0.0194143 -0.0394681 1.52497 -0.535328
0.692206 0.66802 0.374409 0.342288 0.0468444 -0.0318995 -1.39371 0.809056
0.786157 0.58684 0.332842 0.293863 0.00840327 -0.0140309 -1.39074 -0.615864
0.902356 0.651387 0.285272 0.282044 0.0162282 -0.0430631 1.04616 -1.42046
0.502457 0.736457 0.279809 0.331408 0.0381008 -0.0141102 1.54251 1.27147
0.605777 0.606326 0.436651 0.281625 0.0261773 0.0370357 1.5196 -0.375501
0.658483 0.807352 0.359134 0.304064 -0.00291604 -0.00630665 -0.579719 1.41528
0.965178 0.872951 0.326197 0.324633 0.0245018 -0.0194418 1.17684 -1.37204
0.683035 0.841288 0.265961 0.352886 0.0442137 0.0484497 -0.345012 0.847215
0.878552 0.585284 0.260651 0.467399 -0.028283 0.0215964 -1.52564 1.49688
0.646489 0.955245 0.33269 0.45732 0.032284 0.00738701 -1.47847 -0.548367
0.791772 0.733848 0.262101 0.370266 0.00353557 -0.0313562 0.563516 0.620083
0.573351 0.903867 0.435148 0.466414 -0.0294671 -0.0416074 -1.17003 -0.500333
0.511063 0.72808 0.474189 0.328837 -0.00664235 0.0171224 0.120565 0.395156
0.754692 0.641987 0.398854 0.380131 -0.0128376 0.0325373 -0.6778 -0.241082
0.515534 0.958846 0.318392 0.305223 0.0147816 -0.0381497 -0.697935 -1.22976
0.560701 0.887188 0.405324 0.380543 -0.0082049 0.0165334 -0.223057 -0.972526
0.769616 0.860988 0.400296 0.459288 0.00410627 0.00957518 -0.858336 0.20417
0.753212 0.682165 0.398251 0.363102 0.0380184 -0.0347346 -0.168024 -0.331398
0.535569 0.975768 0.415792 0.429884 0.0228172 -0.00854976 1.51365 0.350382
0.79809 0.957396 0.489799 0.467895 -0.0141499 0.0142933 0.947406 -1.42161
0.686041 0.513413 0.307352 0.366123 0.0201041 -0.024456 -1.47022 -0.983551
0.677831 0.593478 0.366832 0.360881 -0.0357326 -0.00767998 -1.05594 0.145014
0.516511 0.915616 0.420309 0.45864 -0.00465865 -0.0206565 -0.363708 0.556804
0.704047 0.983764 0.44718 0.265145 0.0336848 0.0337306 -1.46552 0.933024
0.557817 0.917936 0.409047 0.470801 -0.0393918 -0.0177602 -0.981059 -1.44299
0.829936 0.596744 0.285859 0.49218 0.0484619 -0.0089404 -0.42296 -0.498703
0.888684 0.612461 0.393292 0.269974 0.0031785 0.038052 -0.441656 1.35996
0.962798 0.538652 0.481376 0.47306 0.0194021 0.0475249 -0.959774 -0.0625595
0.948088 0.510193 0.364368 0.358814 0.0480163 -0.0124989 -0.914904 1.04175
0.776543 0.615909 0.331912 0.289773 -0.0237419 0.0294855 -0.750571 -0.316537
0.847972 0.60358 0.341403 0.406446 0.0202811 -0.0292749 -1.37319 -1.06217
0.524155 0.89761 0.49163 0.456427 0.0302332 0.018984 0.425261 -0.646065
0.685553 0.929014 0.277627 0.279756 0.00783258 0.0397855 1.22957 -0.247602
0.850291 0.778054 0.376873 0.450507 0.036462 -0.0337886 -0.49458 -0.0133747
0.855937 0.629322 0.466605 0.324641 0.0237236 -0.0288568 1.35536 -0.615672
0.60361 0.539247 0.322466 0.494125 -0.043469 0.00203711 1.5335 0.29391
0.864589 0.516282 0.448454 0.397252 -0.0313044 -0.0218162 -0.58806 1.02833
0.649449 0.913388 0.487945 0.335269 0.020983 -0.0495209 -0.369269 0.196787
0.639775 0.633137 0.416158 0.39523 -0.00630055 0.0237022 0.574829 -0.140891
0.682211 0.645344 0.263764 0.279069 -0.00821406 0.0412412 -1.04884 1.21787
0.845164 0.817072 0.371769 0.288995 -0.0376278 0.0324061 1.04242 -0.867061
0.537904 0.555208 0.427633 0.469039 0.0248711 0.0221641 -0.204936 0.590745
0.692267 0.761666 0.28267 0.402951 0.0135456 0.00342265 -0.575308 1.1546
0.506668 0.600772 0.300684 0.418287 0.0326014 -0.028225 -0.427179 1.07751
0.752922 0.579516 0.487831 0.446753 0.023748 0.0227897 -1.29362 1.38748
0.645192 0.940016 0.403775 0.290826 0.046292 0.0117542 1.05143 -1.20522
0.771828 0.86462 0.354045 0.296579 -0.0302973 -0.024044 -1.21394 1.41241
0.589312 0.993576 0.363704 0.432806 -0.0212973 0.0194479 -1.39007 -0.684991
0.979064 0.754936 0.432196 0.276345 -0.00916623 -0.0397061 -1.56073 -0.104458
0.866451 0.507309 0.319491 0.403729 -0.0134602 0.0403653 -0.946831 -0.790935
0.902524 0.994873 0.363491 0.438986 -0.0482482 -0.00241859 0.424015 -0.735327
0.708106 0.614841 0.328608 0.257752 0.0329554 0.000685141 -1.55881 -0.994577
0.680456 0.997757 0.285722 0.347659 0.00476852 0.0465117 0.877128 -0.181638
0.862423 0.899869 0.27324 0.324892 -0.0499634 0.0197439 -0.237822 0.44156
0.87402 0.908383 0.48954 0.357067 -0.0476104 0.0151936 0.703496 0.11836
0.906613 0.958876 0.266518 0.492317 0.00133213 0.0225455 -0.813083 0.572911
0.779611 0.665487 0.324618 0.394642 0.00981628 -0.0263543 1.25594 0.52459
0.559511 0.963485 0.308794 0.485549 0.0443266 -0.0477447 0.599182 -1.55066
0.7416 0.564257 0.356014 0.491829 -0.0325556 -0.0336848 0.0151007 0.445875
0.994049 0.723029 0.443854 0.399739 -0.00705435 -0.0172903 -1.29055 -1.35086
0.964629 0.818827 0.270356 0.315302 -0.0466369 0.0245445 -1.16303 -1.26763
0.649739 0.747078 0.415212 0.480949 -0.0199301 0.0309015 -0.131782 -0.894674
0.826197 0.624744 0.282098 0.448286 -0.00413678 -0.0209006 -0.367256 0.352203
0.545228 0.807855 0.322329 0.407323 0.0200247 -0.030517 -1.10359 0.923341
0.689215 0.721564 0.289766 0.42172 -0.0140767 -0.027337 0.0487534 1.0754
0.590747 0.502762 0.276887 0.320429 -0.028927 0.0392911 -0.101294 -0.651434
0.714377 0.955214 0.282235 0.495567 0.0397244 -0.0276788 -1.42775 0.433411
0.900632 0.816965 0.309008 0.356441 -0.00207373 -0.0382015 -0.622671 -0.13255
0.67275 0.840617 0.494957 0.440023 -0.0388699 -0.0179128 -0.363612 -1.02986
0.605792 0.685751 0.273522 0.427419 0.0342463 -0.0483337 0.76198 -0.249711
0.758278 0.624104 0.31621 0.316813 0.00422224 -0.0446196 -0.124975 -1.36533
0.666311 0.557131 0.256226 0.252525 0.0451353 0.0292108 0.665337 1.01068
0.900235 0.846019 0.443365 0.260399 0.035757 0.00753349 -0.487965 0.0322626
0.683782 0.954329 0.480125 0.389355 -0.0103626 0.0329035 0.271379 1.37291
0.575732 0.903073 0.289109 0.25927 -0.00231178 0.0282983 1.1824 -0.324591
0.713981 0.538224 0.461669 0.265076 -0.0167501 0.0318964 1.01548 0.948365
0.622257 0.61095 0.387738 0.437132 -0.0303247 -0.00566576 -0.670226 -0.198417
0.579226 0.669958 0.41702 0.457778 -0.0395871 0.0384915 0.265243 -0.513755
0.550142 0.766793 0.30134 0.334223 0.0315729 -0.018276 1.01941 -0.6592
0.680975 0.973312 0.418302 0.477653 0.0370113 0.0206626 -0.433507 -0.091706
0.855068 0.711692 0.276131 0.438536 0.0259148 -0.0215445 -0.372721 0.592087
0.812265 0.897229 0.299844 0.298265 -0.0271325 0.0145466 0.324111 -0.723917
0.830561 0.893185 0.398625 0.46704 0.0204459 -0.00306558 -1.20531 0.190555
0.970244 0.778451 0.314432 0.387852 0.0342677 0.0369442 -0.517878 -1.39093
0.88052 0.927702 0.251915 0.396977 -0.0294 -0.0135182 -1.31586 -1.07454
0.668661 0.903836 0.289552 0.490486 -0.0435789 -0.00218665 0.912027 0.135618
0.83166 0.663167 0.32197 0.497116 -0.0179922 0.0458281 1.08384 -1.00848
0.750359 0.572954 0.283654 0.407376 0.00600452 0.0127918 -1.47339 1.40215
0.746086 0.741462 0.40379 0.358928 -0.0270013 0.0356258 -1.19477 1.23925
0.699805 0.660588 0.492409 0.27813 0.0436216 0.0156636 0.235042 -1.19256
0.733741 0.660894 0.257736 0.427938 0.0370937 -0.00907163 -0.36227 -0.714905
0.95555 0.679205 0.404904 0.361972 -0.0136738 -0.0291131 -1.51049 0.562749
0.764901 0.838694 0.265732 0.28489 0.00550096 0.0337214 0.0373441 -1.24654
0.722724 0.841456 0.459975 0.318987 -0.029873 -0.0139149 0.524206 -1.1916
0.982727 0.673574 0.337565 0.427053 0.00963927 -0.0146138 -0.342711 -1.17991
0.785607 0.6227 0.452391 0.491432 0.0124683 0.0245415 -1.09803 1.42401
0.515687 0.608158 0.317064 0.299432 0.0436186 -0.0207663 0.169175 -1.1126
0.820048 0.823496 0.439146 0.434904 -0.0252586 0.0176992 -1.38882 1.00416
0.790155 0.691565 0.388432 0.32606 0.0267327 -0.0270226 0.943954 -1.02219
0.706 0.632099 0.395672 0.449637 0.0247856 -0.0223228 0.179146 0.384801
0.842814 0.641804 0.482414 0.441198 -0.0340175 -0.0387509 1.01481 0.126222
0.840052 0.686926 0.37212 0.361759 -0.000621052 0.00974914 -1.50579 0.468502
0.633198 0.908353 0.4326 0.370624 0.0185659 -0.0119037 1.04098 -1.51097
0.947844 0.639134 0.399594 0.304514 -0.0332453 0.0248558 0.477706 0.618165
0.856243 0.734642 0.381687 0.412877 -0.0456359 -0.040521 -1.01174 1.44587
0.896619 0.715064 0.396413 0.499535 -0.0109149 -0.0479003 -1.22785 -0.950953
0.754677 0.720542 0.437674 0.470481 0.0184652 -0.0442259 1.51701 -0.283268
0.507767 0.778741 0.324335 0.288057 -0.0150136 -0.0487457 -1.16169 -0.495059
0.931608 0.884869 0.330149 0.331233 -0.00635243 0.0442656 0.812603 -0.828327
0.869274 0.894375 0.344844 0.412236 -0.00797296 0.0252495 -1.07281 -0.915671
0.662984 0.727882 0.316546 0.449423 -0.0371181 -0.00834529 -1.45939 -0.768308
0.648183 0.888882 0.475379 0.296327 0.0292169 0.0326838 1.4683 1.19985
0.710135 0.793771 0.338359 0.477088 -0.0281549 -0.0234397 1.52736 -0.455175
0.903165 0.914396 0.495567 0.327975 -0.0404996 0.000312815 -0.674924 0.262271
0.632191 0.733192 0.427442 0.295289 -0.00860469 0.0020127 -1.41059 0.378857
0.896985 0.510712 0.353504 0.389447 -0.0477111 0.0355678 -0.249711 0.923724
0.598682 0.865764 0.362194 0.295328 -0.0199057 0.0079577 0.197746 -0.12766
0.90904 0.667867 0.322001 0.38889 0.0459288 0.0390347 1.21548 -0.380103
0.701971 0.742485 0.323878 0.410009 0.0467009 -0.0162496 -0.400813 0.710686
0.547777 0.888516 0.404828 0.291589 0.0102008 0.0169637 -1.48278 0.671569
0.769753 0.70838 0.30282 0.394902 0.0126606 -0.0193319 -0.0861452 1.09371
0.563295 0.750587 0.492943 0.401196 0.00884579 -0.0062212 0.447984 0.968499
0.677602 0.964858 0.2547 0.359561 -0.0253777 0.024395 0.389691 1.41212
0.659764 0.969665 0.27076 0.391003 -0.0379543 0.0245567 0.343862 -0.212415
0.661428 0.632298 0.256752 0.298814 -0.0330714 0.0275292 1.50809 1.49793
0.807962 0.961531 0.372433 0.33517 0.00892819 0.00754265 0.0392616 -0.814808
0.630024 0.81254 0.414068 0.373981 0.0241142 0.00208594 0.663994 1.01749
0.557756 0.90466 0.288041 0.489998 -0.0299402 -0.00335246 -0.736189 1.24846
0.977477 0.651326 0.265786 0.444151 0.0434141 -0.0280023 0.412797 -0.135522
0.850673 0.802728 0.269883 0.325152 0.00996582 0.0139454 0.747886 -0.937051
0.895779 0.900891 0.441435 0.347385 0.0472503 -0.0143941 1.00886 -1.44798
0.832255 0.547136 0.488716 0.304941 -0.000398267 -0.0378292 -0.38087 -0.903111
0.687231 0.982376 0.317057 0.432028 0.0457488 0.0281701 -0.772623 -1.39429
0.664678 0.979446 0.439985 0.419538 -0.0211203 0.037228 1.07435 -0.397553
0.577029 0.548372 0.421583 0.337924 -0.000773644 0.0343532 -0.247122 -0.185186
0.839274 0.953887 0.350124 0.466269 0.0191519 0.0406827 0.351916 0.433219
0.525681 0.545457 0.34299 0.277657 -0.0192984 0.000749229 1.43475 0.624781
0.988907 0.899945 0.332751 0.330798 -0.0142872 -0.00774102 0.40273 0.295157
0.541581 0.77662 0.384602 0.317827 0.0383755 -0.00164953 -0.749804 -1.47032
0.700568 0.884777 0.294946 0.268456 0.000312815 0.0423582 1.28815 0.281638
0.993469 0.96379 0.471328 0.410298 -0.0418455 -0.0149251 -1.16505 -0.109347
0.827845 0.67571 0.343509 0.435453 0.00363628 -0.0154683 -0.999179 1.12344
0.92288 0.810358 0.305895 0.423406 0.0261437 0.0182485 -0.403401 1.4777
0.80343 0.80282 0.441176 0.420095 0.0178182 -0.0319971 -0.00436232 0.440793
0.856777 0.563631 0.275132 0.423269 -0.0088702 -0.0328913 -0.1802 0.288158
0.951643 0.621326 0.312891 0.274087 0.0089404 0.0101642 1.1614 -0.581157
0.619922 0.577425 0.356189 0.455 0.027105 0.0253197 -1.37013 0.222386
0.800851 0.874157 0.352077 0.293771 0.04953 0.00905637 1.20915 0.0587246
0.647496 0.874432 0.272782 0.323954 -0.0042436 0.0234428 1.09803 -0.090172
0.896069 0.754463 0.276849 0.301363 -0.0189535 -0.0441038 -0.505606 -0.712891
0.797433 0.708823 0.401494 0.377018 0.00896176 0.041464 1.35488 -0.614905
0.611377 0.968062 0.286271 0.426199 -0.0235832 0.0475677 1.12209 -1.22602
0.663106 0.628712 0.427961 0.283799 -0.00870235 0.0212821 0.262079 0.480678
0.962508 0.795969 0.466643 0.38599 0.00250099 -0.000895718 0.0600668 -0.95824
0.885693 0.538652 0.253159 0.317949 0.0425382 -0.0207938 1.09304 0.936284
0.919233 0.656896 0.447691 0.26809 -0.0174001 -0.0437864 -0.0471233 -0.141945
0.966735 0.762154 0.399655 0.388333 0.000144963 0.0184683 -1.07061 1.07492
0.717978 0.669774 0.308847 0.310732 -0.0410337 0.00777459 0.376939 0.62852
0.580599 0.604144 0.417837 0.320338 0.00178381 0.041699 1.47473 1.05393
0.67423 0.716193 0.485542 0.434271 -0.0446989 -0.0016892 -1.19611 0.789593
0.887082 0.913541 0.292177 0.387104 0.0478118 -0.0365444 -0.398703 1.25766
0.995132 0.502976 0.425367 0.272439 0.0392453 0.0405271 -1.15249 0.20091
0.843745 0.64565 0.347491 0.340777 -0.036227 0.0227134 0.730437 -0.451436
0.591845 0.624592 0.494385 0.453612 -0.0151204 0.0277825 -0.33926 -0.461694
0.518525 0.924787 0.405156 0.443762 -0.0370724 -0.00465865 -0.620754 1.08489
0.892224 0.625752 0.383374 0.382015 0.0352474 0.0466063 1.04089 0.686525
0.902264 0.606662 0.439398 0.499954 0.00871151 0.00664541 1.11605 -0.136768
0.653142 0.563845 0.264061 0.269036 -0.0351833 -0.0108173 -0.890359 0.848365
0.721076 0.840953 0.48352 0.385998 -0.0227378 0.0438353 -0.60992 1.1034
0.773141 0.571444 0.445395 0.414418 0.0420225 -0.0341243 0.84338 -0.779238
0.74897 0.633778 0.286149 0.332568 0.019921 -0.0314753 -0.512605 -0.35134
0.604831 0.918851 0.279748 0.487548 -0.00827815 0.0176992 0.903494 0.529383
0.620304 0.910199 0.467521 0.45558 0.0257073 0.0292657 -1.49774 -0.790647
0.767418 0.57651 0.319246 0.308672 -0.0422666 0.0288354 -0.69199 -0.287103
